# Program:featureCounts v2.0.6; Command:"featureCounts" "-t" "transcript" "-g" "gene_id" "-O" "-s" "2" "-R" "BAM" "-p" "--ignoreDup" "--fraction" "-G" "Saccharomyces_cerevisiae.R64-1-1.106.fa" "-T" "4" "-p" "--countReadPairs" "-a" "aymerge.no_LTR.NO_ref_genes.gtf" "-o" "read_counts_aymerge.txt" "./BAM/AY10_S10_L001.sorted.dedup.bam" "./BAM/AY11_S11_L001.sorted.dedup.bam" "./BAM/AY12_S12_L001.sorted.dedup.bam" "./BAM/AY1_S1_L001.sorted.dedup.bam" "./BAM/AY2_S2_L001.sorted.dedup.bam" "./BAM/AY31_S1_L001.sorted.dedup.bam" "./BAM/AY32_S2_L001.sorted.dedup.bam" "./BAM/AY33_S3_L001.sorted.dedup.bam" "./BAM/AY34_S4_L001.sorted.dedup.bam" "./BAM/AY35_S5_L001.sorted.dedup.bam" "./BAM/AY36_S6_L001.sorted.dedup.bam" "./BAM/AY37_S7_L001.sorted.dedup.bam" "./BAM/AY38_S8_L001.sorted.dedup.bam" "./BAM/AY39_S9_L001.sorted.dedup.bam" "./BAM/AY3_S3_L001.sorted.dedup.bam" "./BAM/AY40_S10_L001.sorted.dedup.bam" "./BAM/AY41_S11_L001.sorted.dedup.bam" "./BAM/AY42_S12_L001.sorted.dedup.bam" "./BAM/AY4_S4_L001.sorted.dedup.bam" "./BAM/AY5_S5_L001.sorted.dedup.bam" "./BAM/AY6_S6_L001.sorted.dedup.bam" "./BAM/AY7_S7_L001.sorted.dedup.bam" "./BAM/AY8_S8_L001.sorted.dedup.bam" "./BAM/AY9_S9_L001.sorted.dedup.bam" 
Geneid	Chr	Start	End	Strand	Length	./BAM/AY10_S10_L001.sorted.dedup.bam	./BAM/AY11_S11_L001.sorted.dedup.bam	./BAM/AY12_S12_L001.sorted.dedup.bam	./BAM/AY1_S1_L001.sorted.dedup.bam	./BAM/AY2_S2_L001.sorted.dedup.bam	./BAM/AY31_S1_L001.sorted.dedup.bam	./BAM/AY32_S2_L001.sorted.dedup.bam	./BAM/AY33_S3_L001.sorted.dedup.bam	./BAM/AY34_S4_L001.sorted.dedup.bam	./BAM/AY35_S5_L001.sorted.dedup.bam	./BAM/AY36_S6_L001.sorted.dedup.bam	./BAM/AY37_S7_L001.sorted.dedup.bam	./BAM/AY38_S8_L001.sorted.dedup.bam	./BAM/AY39_S9_L001.sorted.dedup.bam	./BAM/AY3_S3_L001.sorted.dedup.bam	./BAM/AY40_S10_L001.sorted.dedup.bam	./BAM/AY41_S11_L001.sorted.dedup.bam	./BAM/AY42_S12_L001.sorted.dedup.bam	./BAM/AY4_S4_L001.sorted.dedup.bam	./BAM/AY5_S5_L001.sorted.dedup.bam	./BAM/AY6_S6_L001.sorted.dedup.bam	./BAM/AY7_S7_L001.sorted.dedup.bam	./BAM/AY8_S8_L001.sorted.dedup.bam	./BAM/AY9_S9_L001.sorted.dedup.bam
MSTRG.1	I	3146	6318	-	3173	5	14	28.50	9	40	23	23	10	37	59	61	49	55	25	25	29	36	31	17	76	64	99	116.50	6
MSTRG.2	I	9329	9903	+	575	6	5	9	4	12	9	8	10	8	14	24	22	29	12	6	11	6	6	3	31	18	42	26	2
MSTRG.3	I	13225	20988	+	7764	234	204	371	209	555	316	480	305	630	624	525	557	485	406	543	491	440	332	556	525	498	594	902	129
MSTRG.4	I	23071	23636	-	566	2	1	2	3	4	2	12	0	20	9	6	6	8	6	6	6	5	2	16	4	4	5	6	1
MSTRG.5	I	28450	29439	+	990	3	10	8	1	12	5	12	4	26	8	11	9	11	10	25	4	6	6	26	9	15	19	32	3
MSTRG.6	I	30078	30852	+	775	9	6	9	5	24	10	4	18	6	17	15	14	12	8	9	3	5	5	9	14	14	16	26	10
MSTRG.7	I	31230	31566	+	337	158	28	36	106	316	219	32	155	28	106	45	109	40	133	29	19	189	27	30	184	104	39	31	134
MSTRG.8	I	45326	45685	-	360	4	141	189	1	14	22	406	18	551	26	17	16	14	14	247	374	15	278	291	9	4	3	5	3
MSTRG.9	I	65180	68303	-	3124	544	560	673.50	517	1165	784	535	687	697	2000	1776	1876	1575	1443	602	1274	1447	1276.50	607	1432	1387	1629	2079.50	475
MSTRG.10	I	69700	71345	-	1646	22	12	17	12	48	34	24	41	24	66	79	46	61	38	16	40	41	24	24	47	28	75	79	16
MSTRG.11	I	151681	152053	-	373	10	8	20	10	31	18	11	21	22	24	21	39	20	16	4	29	26	17	6	22	16	19	17	9
MSTRG.12	I	175331	176220	+	890	43	43	62	39	99	60	33	53	66	98	85	93	72	64	49	86	83	57	49	76	62	61	72	26
MSTRG.13	I	180143	181044	-	902	19	13	21	11	39	36	27	31	49	46	41	48	43	30	24	52	55	38.50	15	38	42	40	53	12
MSTRG.14	I	182056	182323	-	268	5	12	25	2	8	5	11	1	10	9	5	2	2	5	6	23	11	15	10	0	5	4	4	1
MSTRG.15	I	196544	197556	+	1013	16	3	14	14	41	24	12	18	19	61	65	61	47	33	17	30	36	22	28	55	47	51	88	6
MSTRG.16	I	211150	215443	-	4294	5	12	17	9	59	12	25	14	23	15	11	5	12	15	14	23	12	11	24	11	13	17	25	3
MSTRG.17	I	223181	224106	+	926	0	1	1	0	0	0	2	0	1	1	1	1	2	0	1	2	0	1	2	0	1	2	0	0
MSTRG.18	II	8512	8809	+	298	9	5	11	4	14	6	7	13	9	18	16	24	10	15	5	11	11	4	5	6	12	7	18	2
MSTRG.19	II	28469	29030	-	562	61	21	72	19	130	52	109	101	76	77	100	99	98	62	40	58	165	117	83	48	61	54	99	14
MSTRG.20	II	45205	45533	-	329	0	1	0	2	12	3	3	3	0	1	1	2	2	2	1	4	0	1	0	4	1	3	4	1
MSTRG.21	II	46721	47303	+	583	45	17	49	29	96	40	10	34	24	74	59	62	47	37	27	37	34	27	17	63	59	76	89	38
MSTRG.22	II	169658	169869	.	212	371	414	666	256	691	524	488	542	557	820	742	829	681	618	390	646	706	611	469	672	560	606	769	298
MSTRG.23	II	198490	198695	-	206	1	0	1	0	5	2	0	3	1	2	1	3	1	3	2	2	3	3	1	3	7	8	10	0
MSTRG.24	II	238501	238931	+	431	27	32	56	22	80	57	34	39	50	85	74	97	87	49	33	74	85	54	49	64	39	51	82	21
MSTRG.25	II	251148	252209	+	1062	9	22	33	8	23	18	13	12	35	20	18	18	18	14	27	22	9	19	24	13	10	26	25	4
MSTRG.26	II	254272	254978	-	707	26	14	18	30	49	31	23	21	23	49	35	45	31	27	12	26	33	20	17	39	42	36	49	14
MSTRG.27	II	255940	256185	-	246	6	6	2	6	10	6	6	5	9	7	6	7	7	9	2	12	2	4	2	7	5	3	6	0
MSTRG.28	II	269749	269956	-	208	2	15	30	2	10	3	12	5	20	5	13	6	13	5	29	21	7	26	23	10	9	18	18	4
MSTRG.29	II	287984	289352	+	1369	7	28	37	12	10	14	33	8	39	20	16	17	16	22	32	85	12	43	43	7	11	15	16	3
MSTRG.30	II	307280	308956	+	1677	2368	1842	2706	1621	3351	2227	1858	2368	2037	4094	2622	3343	2418	2866	1364	2440	3077	2354	1759	2897	3008	2441	3453	1791
MSTRG.31	II	326212	326741	+	530	249	211	370	298	641	285	220	298	357	401	334	304	249	250	265	291	243	261	300	377	451	395	349	200
MSTRG.32	II	340989	342199	+	1211	16	15	27	23	49	38	20	35	37	60	35	66	44	51	22	30	59	30	22	35	25	37	41	12
MSTRG.33	II	362827	364711	+	1885	300	241	329	268	602	312	256	344	282	538	514	501	447	414	205	527	384	403	265	606	506	539	662	198
MSTRG.34	II	371321	371867	+	547	4	11	11	4	13	10	13	10	32	32	14	19	23	13	27	21	11	16	19	21	13	26	35	3
MSTRG.35	II	373363	373571	-	209	0	1	1	1	3	0	0	0	3	3	3	4	0	0	0	2	3	0	0	1	0	3	1	0
MSTRG.36	II	407570	408127	+	558	27	5	14	13	56	28	11	25	8	84	49	81	44	40	9	28	27	13	7	62	44	41	49	25
MSTRG.37	II	418355	418654	+	300	8	6	11	6	6	9	8	6	15	14	15	12	19	12	9	16	13	16	5	13	8	15	19	5
MSTRG.38	II	419468	419684	+	217	8	10	14	6	9	12	17	11	18	18	20	21	15	12	7	23	19	11	9	12	10	16	25	3
MSTRG.39	II	431457	431808	-	352	2	7	12	2	10	3	12	8	8	13	12	10	9	10	5	7	8	8	6	10	5	6	4	2
MSTRG.40	II	466052	466334	-	283	0	5	8	1	1	2	2	2	4	4	3	3	4	3	1	4	0	4	5	3	4	5	5	1
MSTRG.41	II	474327	477343	+	3017	114	69	124	89	215	98	106	128	139	231	252	211	187	142	115	142	139	103	123	216	225	310	445	77
MSTRG.42	II	532481	533085	+	605	9	10	18	16	30	21	10	9	9	38	25	24	21	22	11	21	18	8	8	25	18	24	24	11
MSTRG.43	II	549189	549566	-	378	7	2	6	6	19	12	5	11	4	30	27	23	27	10	3	13	19	10	3	19	13	16	22	6
MSTRG.44	II	554823	555250	.	428	96	136	222	75	222	155	163	148	209	238	251	203	223	178	115	262	212	226	155	147	125	201	241	85
MSTRG.45	II	589662	591176	-	1515	18	11	26	20	49	23	19	28	27	64	37	40	35	26	21	53	37	33	21	44	43	34	70	15
MSTRG.46	II	601028	602266	-	1239	66	46	59	49	155	68	45	86	37	121	89	131	64	95	31	67	114	54	32	121	94	99	127	31
MSTRG.47	II	741856	742145	+	290	6	15	19	9	21	13	14	6	18	8	4	11	7	9	31	23	7	14	33	16	8	9	7	4
MSTRG.48	II	785518	786947	+	1430	40	23	45	36	80	35	40	50	33	61	45	51	48	54	37	48	47	28	38	64	48	52	65	23
MSTRG.49	II	799349	800111	-	763	6	19	31	2	16	7	30	12	46	12	15	12	19	15	26	50	16	43	39	12	3	15	11	7
MSTRG.50	II	804626	804880	-	255	41	22	25	38	87	51	34	52	49	86	55	83	44	62	33	52	53	38	39	76	67	69	80	26
MSTRG.51	II	807367	808588	+	1222	43	117	201	49	121	67	97	73	126	93	134	78	113	74	99	212	84	146	112	93	94	126	192	40
MSTRG.52	III	4742	5410	+	669	0	1	0	0	0	0	0	0	0	0	0	0	0	0	0	0	0	0	0	0	1	0	0	0
MSTRG.53	III	5729	7641	+	1913	2	3	7	3	6	3	6	2	5	4	2	5	3	3	5	8	3	4	6	3	6	7	12	2
MSTRG.54	III	8007	8439	+	433	0	0	0	0	1	0	0	2	3	1	1	1	0	2	0	0	0	1	0	2	3	1	4	0
MSTRG.55	III	9308	10891	-	1584	0	0	0	0	2	0	0	1	0	0	0	1	0	1	0	0	0	1	0	0	0	2	0	0
MSTRG.56	III	13723	14019	-	297	0	0	0	0	0	0	1	0	0	0	0	1	0	1	0	0	0	0	0	0	0	0	1	0
MSTRG.57	III	29751	30211	+	461	14	4	9	4	31	7	18	12	19	9	5	6	8	8	19	6	17	8	17	5	6	8	9	3
MSTRG.58	III	112768	113080	-	313	3	3	6	2	5	5	6	8	9	12	14	9	9	11	5	16	12	9	8	12	5	12	5	2
MSTRG.59	III	113368	114131	-	764	21	13	18	17	51	14	8	21	21	33	13	28	21	25	16	21	29	13	16	24	31	27	23	9
MSTRG.60	III	114690	117168	+	2479	24	24	59	19	63	28	41	26	44	40	37	38	36	38	34	57	45	49	51	34	32	39	44	16
MSTRG.61	III	125318	126002	+	685	37	36	61	21	56	45	50	53	66	61	58	57	61	52	49	95	64	62	53	61	30	51	54	11
MSTRG.62	III	127150	127532	-	383	4	5	2	2	12	13	6	3	5	13	11	12	15	9	4	12	13	8	1	10	14	14	13	4
MSTRG.63	III	152043	152828	-	786	19	19	21	15	44	22	14	23	16	34	32	54	29	26	18	29	40	15	14	31	27	32	31	10
MSTRG.64	III	157720	162023	+	4304	240	117	170	153	564	517	151	655	209	1019	586	1075	561	708	110	257	687	180	127	540	327	337	453	173
MSTRG.65	III	168411	169546	+	1136	78	587	881	35	82	57	333	48	446	15	15	9	12	163	347	993	162	862	333	24	11	22	13	51
MSTRG.66	III	176679	176890	-	212	4	5	18	8	22	16	11	13	17	16	19	27	14	13	8	18	13	8	8	23	13	16	11	9
MSTRG.67	III	178907	179144	-	238	6	5	6	2	6	5	0	3	5	13	9	8	5	8	2	5	2	1	2	6	5	7	3	4
MSTRG.68	III	262867	263192	-	326	3	1	8	1	8	6	5	8	2	7	3	7	7	8	4	6	4	5	4	5	6	5	13	6
MSTRG.69	III	290803	291238	+	436	28	25	31	33	65	44	36	46	38	54	44	50	59	60	28	46	59	26	31	65	32	51	78	18
MSTRG.70	III	294338	294591	-	254	2	2	1	2	4	5	6	9	5	19	9	13	10	14	3	9	11	8	5	10	6	8	19	0
MSTRG.71	III	298500	299679	+	1180	29	41	42	22	82	37	30	48	40	61	77	65	48	52	26	61	37	47	23	57	32	61	71	20
MSTRG.72	III	300311	300575	+	265	3	4	5	3	4	5	4	5	1	12	8	11	2	7	3	6	3	5	1	8	8	6	9	4
MSTRG.73	III	303109	304298	+	1190	10	16	25	11	35	10	12	16	30	27	27	24	25	14	20	21	20	15	15	28	15	32	22	11
MSTRG.74	III	305985	306548	+	564	25	19	34	27	49	32	69	36	92	15	15	7	10	36	55	32	37	38	64	13	9	13	23	14
MSTRG.75	III	308267	310299	-	2033	197	153	277	101	386	240	234	304	206	569	463	502	465	403	140	427	452	307	167	416	396	466	655	143
MSTRG.76	IV	4175	8308	-	4134	51	64	81	50	120	82	101	84	129	120	169	142	116	103	72	127	93	100	93	124	108	125.50	184	29
MSTRG.77	IV	10988	15231	-	4244	0	3	1	1	0	1	1	1	1	1	1	0	2	2	1	1	5	1	2	3	0	3	4	0
MSTRG.78	IV	18617	20125	-	1509	106	109	182	91	265	196	243	212	331.50	323	274	309	245	216	214	296	239	186	185	243	202	223	348	96
MSTRG.79	IV	21435	21838	+	404	10	3	8	11	35	7	11	12	13	21	17	17	10	7	7	15	19	8	9	25	23	15	27	2
MSTRG.80	IV	26115	26365	+	251	5	14	16	3	16	14	20	19	18	12	15	16	13	11	10	19	13	15	13	9	9	14	19	1
MSTRG.81	IV	48328	49732	-	1405	27	556	884	15	30	21	98	23	205	24	28.50	31	26	42	108	1339	51	967	123	23	13	28	31	20
MSTRG.82	IV	49796	50918	+	1123	176	14	20	102	303	251	100	183	137	247	183	240	170	217	82	24	293	22	87	230	154	175	168	108
MSTRG.83	IV	80794	83355	+	2562	52	51	64	46	97	62	71	45	108	93	95	122	97	77	94	94	92	60	78	91	82	96	123	37
MSTRG.84	IV	106534	106949	-	416	17	21	19	16	41	24	16	19	27	32	40	34	38	28	22	24	44	19	21	43	28	39	73	9
MSTRG.85	IV	115791	116063	-	273	10	2	5	5	7	10	6	4	9	9	9	10	7	8	9	7	8	4	8	2	2	11	3	7
MSTRG.86	IV	132455	132737	-	283	14	7	11	7	18	10	8	10	7	32	30	34	33	14	4	12	15	8	6	29	25	51	57	9
MSTRG.87	IV	171962	172204	-	243	678	506	777	476	1057	1134	950	1002	980	1466	1100	1519	1073	1227	451	1343	1504	983	550	950	733	752	1022	420
MSTRG.88	IV	220824	221784	.	961	620	513	851	663	1686	1017	878	1019	1101.50	1530	1151.50	1357	1053	1043	655	1128	1059	853	736	1296	1270	975.50	1175	469
MSTRG.89	IV	221992	222270	-	279	10	44	75	11	27	32	79	30	103	43	52	47	20	39	58	135	28	83	82	29	10	15	26	9
MSTRG.90	IV	234176	234403	-	228	1	1	3	3	1	1	0	0	1	4	9	7	5	0	2	5	1	0	3	8	4	11	11	0
MSTRG.91	IV	267659	267981	-	323	5	7	5	4	3	13	15	9	20	10	17	10	12	5	4	14	11	7	6	11	3	11	12	5
MSTRG.92	IV	292353	292632	-	280	4	4	5	3	3	13	4	16	7	19	8	18	20	12	4	6	14	7	2	3	9	7	14	1
MSTRG.93	IV	312804	314046	+	1243	68	43	60	64	165	78	46	104	63	117	90	110	94	88	49	97	100	51	48	122	108	104	122	42
MSTRG.94	IV	321656	321883	+	228	2	1	5	2	3	3	5	2	3	10	9	6	9	7	0	6	6	5	2	6	8	8	5	1
MSTRG.95	IV	358117	358902	-	786	14	9	14	9	20	15	3	19	6	25	18	28	21	21	11	17	29	12	7	25	12	20	42	9
MSTRG.96	IV	407799	408186	+	388	13	16	19	20	31	23	11	21	22	18	36	29	18	25	24	22	28	17	21	23	23	44	30	10
MSTRG.97	IV	410722	411448	-	727	11	3	15	6	31	15	12.50	14	16	31	13	18	18	10	19	28	15	8	22	15	7	12	13	5
MSTRG.98	IV	431788	432023	+	236	3	3	3	2	7	3	6	6	5	6	10	2	4	7	4	1	4	6	3	7	10	11	8	3
MSTRG.99	IV	439364	439667	-	304	24	30	40	13	40	22	22	25	16	48	35	48	45	28	26	19	29	14	32	41	52	66	83	24
MSTRG.100	IV	470703	471523	-	821	13	6	8	6	32	13	10	15	6	28	23	26	25	17	13	13	15	7	21	23	16	28	26	5
MSTRG.101	IV	476825	477287	+	463	3	2	1	2	4	3	5	3	3	13	3	5	5	6	4	3	7	4	2	7	4	12	11	3
MSTRG.102	IV	505448	507843	-	2396	62	49	80	50	135	86	68	68	87	136	128	141	96	81	41	115	101	67	55	118	82	78	104	48
MSTRG.103	IV	538977	539602	-	626	13	14	20	4	27	10	19	13	29	29	31	23	35	15	20	33	12	24	29	23	26	47	76	7
MSTRG.104	IV	543626	545959	+	2334	52	53	76	44	120	81	69	79	75	93	68	97	77	89	55	117	124	103	57	70	42	64	73	34
MSTRG.105	IV	550738	551834	-	1097	14	7	18	14	30	34	6	34	10	47	33	42	20	35	4	17	40	17	4	22	24	18	27	11
MSTRG.106	IV	593146	593457	-	312	4	9	20	8	24	9	11	11	9	11	12	14	1	6	16	6	10	7	13	22	17	23	22	4
MSTRG.107	IV	598208	600416	-	2209	100	79	134	64	187	116	77	116	82	169	165	178	133	154	85	135	178	99	83	153	124	139	190	85
MSTRG.108	IV	616585	616810	.	226	181	66	101	198	489	236	168.50	210	187	271	201	268	188	196	197	98	206	68	208	340	280	230	270	127
MSTRG.109	IV	617687	618416	+	730	25	110	176	21	60	39	93	32	117	39	47	30	41	60	98	180	46	159	102	33	18	46	24	16
MSTRG.110	IV	620271	621706	-	1436	16	22	29	19	31	15	29	24	37	27	30	43	32	45	26	32	25	27	34	36	16	32	45	10
MSTRG.111	IV	720347	720912	+	566	14	12	21	16	36	14	12	19	20	37	22	27	19	11	26	21	21	11	21	35	21	23	25	15
MSTRG.112	IV	794877	795887	-	1011	19	21	25	15	23	17	37	24	43	38	40	37	37	25	27	30	20	42	25	36	54	32	53	8
MSTRG.113	IV	814321	814582	-	262	7	3	9	1	17	7	6	11	6	11	12	15	10	9	5	10	12	2	3	7	7	10	11	4
MSTRG.114	IV	835837	836072	+	236	6	11	18	4	6	9	10	3	15	13	18	11	11	6	9	10	6	10	12	11	8	21	22	3
MSTRG.115	IV	892129	892438	-	310	30	19	45	17	63	69	26	51	36	109	71	91	56	67	15	46	72	41	21	50	34	25	40	22
MSTRG.116	IV	903819	905115	+	1297	12	45	46	4	16	23	45	16	53	50	47	37	47	25	30	67	27	50	29	30	19	43	41	2
MSTRG.117	IV	916062	916298	-	237	6	3	4	4	13	3	9	1	4	6	7	7	1	7	6	2	11	3	7	11	4	9	4	2
MSTRG.118	IV	968057	969746	+	1690	70	40	83	75	168	86	71	103	91	147	114	149	118	151	53	125	160	78	70	143	158	151	181	52
MSTRG.119	IV	976292	976694	+	403	4	8	13	5	12	6	19	10	22	30	22	30	16	14	23	14	11	11	22	24	8	29	13	6
MSTRG.120	IV	979560	980168	+	609	20	20	30	10	36	23	31	11	53	11	20	16	9	10	41	41	23	19	42	19	9	9	13	7
MSTRG.121	IV	980277	980946	-	670	50	45	56	45	128	70	74	85	69	122	92	97	73	89	35	95	80	71	45	71	58	58	58	24
MSTRG.122	IV	1015967	1017000	-	1034	5	6	1	2	2	4	28	3	84	6	9	7	4	8	56	14	3	7	54	7	2	7	5	1
MSTRG.123	IV	1017369	1018981	-	1613	23	69	41	105	70	208	38	37	171	148	123	44	46	188	75	253	59	37	28	103	30	73	36	65
MSTRG.124	IV	1022407	1023045	-	639	4	252	346	6	1	3	99	5	205	10	5	9	4	7	93	469	14	360	82	9	5	9	9	2
MSTRG.125	IV	1031937	1032183	+	247	7	11	13	5	14	15	17	14	18	29	19	30	22	24	12	21	17	22	17	27	17	19	30	5
MSTRG.126	IV	1080821	1081112	+	292	5	12	15	1	7	2	6	6	0	2	4	8	3	5	5	7	9	6	10	0	2	7	3	0
MSTRG.127	IV	1156583	1159387	-	2805	11	8	21	18	29	19	10	19	29	69	28	60	35	17	21	24	23	17	24	55	26	76	46	13
MSTRG.128	IV	1162432	1162937	+	506	34	26	67	24	51	27	54	32	73	69	72	41	43	46	60	84	47	64	61	47	58	58	77	20
MSTRG.129	IV	1165456	1166145	+	690	9	10	25	16	30	17	18	12	11	38	35	34	21	20	9	34	25	31	15	17	13	24	17	9
MSTRG.130	IV	1174480	1174889	+	410	46	42	64	41	94	63	67	60	82	67	91	103	88	67	57	106	87	68	60	91	46	73	60	22
MSTRG.131	IV	1273588	1273855	+	268	2	6	7	3	3	0	10	6	10	8	6	18	9	12	4	15	11	9	6	7	4	7	8	2
MSTRG.132	IV	1273914	1274299	-	386	7	2	2	9	12	6	6	4	3	19	24	24	30	22	12	5	12	9	13	19	17	28	32	4
MSTRG.133	IV	1302311	1302612	+	302	6	0	8	9	12	14	1	7	5	36	9	34	20	14	2	5	18	11	2	18	11	18	31	6
MSTRG.134	IV	1411566	1411822	+	257	11	6	12	8	31	5	9	15	9	19	21	19	17	6	9	8	16	5	10	18	15	25	16	5
MSTRG.135	IV	1459625	1461611	+	1987	51	23	49	24	81	52	40	63	54	123	145	128	122	79	54	102	102	78	48	75	91	120	197	25
MSTRG.136	IV	1466234	1466452	-	219	1077	912	1187	821	1750	1474	973	1450	982	2111	1808	2056	1923	1672	633	1631	2035	1368	714	2080	1687	1995	2869	886
MSTRG.137	IV	1483712	1485567	+	1856	79	74	122	53	157	115	82	115	105	235	207	190	200	156	94	150	171	105	70	191	144	209	306	60
MSTRG.138	IV	1493368	1493758	+	391	3	0	4	3	2	4	7	10	4	14	9	16	20	8	3	5	11	11	3	16	7	6	23	2
MSTRG.139	IV	1500650	1501407	+	758	26	43	73	34	64	29	42	41	54	70	55	55	54	40	42	47	49	39	62	53	59	85	104	22
MSTRG.140	IV	1506901	1507403	+	503	8	8	24	2	25	7	10	3	12	10	7	6	5	8	12	25	9	19	13	3	1	8	13	5
MSTRG.141	IV	1507754	1509793	-	2040	164	108	196	108	354	220	142	167	201	431	360	384	323	218	148	206	269	183	159	339	385	420	702	98
MSTRG.142	IV	1514175	1515657	-	1483	16	9	38	17	40	40	58	32	79	64	59	58	52	44	80	47	38	37	78	57	43	68	76	16
MSTRG.143	IV	1518114	1518314	+	201	1	4	4	1	0	2	28	1	41	2	0	2	2	3	28	6	1	2	25	4	2	4	3	0
MSTRG.144	IV	1521095	1522648	+	1554	15	29	55	25	44	28	38	28	48	49	59	43	37	33	37	57	34	38	37	33	43	64	68	10
MSTRG.145	IX	2295	6948	+	4654	1	11	12	0	2	1	6	2	7	4	3	0.50	2	0	4	10	0	9	7	1	3	1	3	1
MSTRG.146	IX	20997	21727	-	731	0	0	0	0	0	0	0	0	2	1	0	1	0	1	0	0	0	0	0	1	0	0	0	0
MSTRG.147	IX	22599	23553	+	955	0	0	1	0	0	0	2	2	3	0	0	1	0	2	1	2	1	0	2	0	2	0	1	0
MSTRG.148	IX	29621	30113	+	493	10	10	9	6	23	6	6	9	12	8	11	5	4	11	10	8	13	6	10	8	21	15	12	1
MSTRG.149	IX	34708	37212	+	2505	63	67	120	75	189.50	89	146	101	186	164	173	124	128	142	111	164	141	132	115	140	135	159	220	48
MSTRG.150	IX	96815	97094	-	280	7	2	6	7	16	12	10	17	9	24.50	20	19	21	15	8	18	16	6	9	17	12	24	27	6
MSTRG.151	IX	142462	142908	-	447	3	3	4	3	11	2	2	7	10	16	17	8	13	10	2	6	6	11	8	7	6	10	16	3
MSTRG.152	IX	173850	174936	+	1087	28	33	59	33	74	31.50	31	30	64	51	55	63	48	49	29	58	33	40	35	41	49	59	65	20
MSTRG.153	IX	216152	216504	-	353	75	78	104	51	154	96	108	85	129	145	130	153	119	98	80	145	148	112	104	105	105	114	139	35
MSTRG.154	IX;IX;IX	222839;222846;222846	226539;226539;226539	+;+;+	3701	228	164	268.50	207	513.50	322.50	251	324	289	555	410	510.50	370	391	201	392	450	264	270.50	503	393	399	546	139
MSTRG.155	IX	258405	258628	-	224	2	0	2	0	3	4	4	5	10	6	8	16	7	3	8	6	5	3	6	3	8	5	9	1
MSTRG.156	IX	261021	261271	-	251	5	4	4	0	3	9	0	3	8	11	9	6	4	7	1	7	1	5	5	4	2	7	4	2
MSTRG.157	IX	283145	284821	+	1677	21	2	6	18	50	28	27	27	41	55	61	62	51	24	26	15	43	8	37	66	46	54	67	16
MSTRG.158	IX	303120	303536	+	417	11	9	16	7	16	14	20	8	27	40	31	38	30	19	20	21	22	31	14	22	21	32	43	4
MSTRG.159	IX	337236	338199	-	964	22	19	22	15	50	29	29	31	33	40.50	29	44	32	41	21	26	41	26	13	37	19	39	32	14
MSTRG.160	IX	357109	357433	+	325	16	20	23	15	35	26	22	34	26	44	40	49	31	29	14	29	39	24	16	34	22	34	22	11
MSTRG.161	IX	386925	388792	+	1868	42	89	114.50	20	58	27	62	43	76	52	47	47	49	49	51	88	46	78	88.50	57	51	76	70	18
MSTRG.162	IX	406598	410775	+	4178	86	107	151	68	162	99	238	95	374	326	418	290	373	177	224	291	199	213	286	213	150	321	311	72
MSTRG.163	IX	424662	425761	-	1100	2	1	6	4	11	6	3	3	4	6	8	8	5	4	4	6	1	4	2	2	10	3	7	2
MSTRG.164	IX	426980	429577	-	2598	35	40	58	46	90	62	88	66	180	75	63	87	67	59	129	84	62	84	152	74	85	69	94	22
MSTRG.165	IX	432569	433471	+	903	1	8	12	1	3	5	10	3	8	17	24	9	19	5	5	14	5	5	8	19	14	33	35	2
MSTRG.166	IX	436386	438175	-	1790	41	31	45	48	110	67	83	66	93	122	86	97	81	91	71	81	104	57	53	67	59	65	91	22
MSTRG.167	IX	439119	439801	-	683	14	8	11	4	23	24	16	13	15	51	33	59	38	29	8	29	43	20	5	19	20	25	55	6
MSTRG.168	Mito	350	1110	+	761	18	23	22	20	41.50	21	17	32	46	65	92	63	78	42	23	49	32	36	25	57	64	96	158	17
MSTRG.169	Mito	8739	9113	+	375	2	3	0	3	5	4	7	5.50	3	7	16	3	3	6	3	7	4	2	4	5	4	6	22	2
MSTRG.170	Mito	10578	10910	+	333	88	87	103	57	181	136	144	175	168	361	424	297	398	182	60	189	157	166.50	98	269	220	365	761	98
MSTRG.171	Mito	12108	12893	+	786	5	8	12	9	15	15	20	19	15	31	47	32	60	19	9	24	10	16	15	25	28	48	82	6
MSTRG.172	Mito	31039	31882	+	844	19	15	12	13	27	24	22	21	21	66	49	50	50	27	14	31	30	15	16	31	40	51	111	14
MSTRG.173	Mito	32917	33673	+	757	45	53	50	19	69	59	46	55	54	110	87	76	81	61	39	51	46	39	45	120	122	129	285	29
MSTRG.174	Mito	34039	34565	+	527	2	3	10	3	3	6	3	7	3	14	10	9	11	7	7	3	2	2	3.50	5	11	9.50	21	1
MSTRG.175	Mito	34934	35181	+	248	3	3	4	2	9	1	2	4	2	4	1	3	2.50	3	3	1	2	1.50	3	7	7	12	27	5
MSTRG.176	Mito	35595	36335	+	741	80	93	103	91	194	122	105	121	133	249	179	184	190.50	153	62	124	119	120	109	200	179	192	319	56
MSTRG.177	Mito	43849	45184	+	1336	230	210	249	173	314	330	231	309	268	642	498	609	496	335	192	261	337	236	238	525	529	595	1013	183
MSTRG.178	Mito	45414	45880	+	467	20	15	12	13	26	26	18	17	27	36	34	40	21	29	8	22	26	14	13	60	44	55	103	12
MSTRG.179	Mito	50329	50833	+	505	9	5	12	7	16	15	16	24	18	38	38	33	39	22	7	12	23	19	13	24	24	31	60	9
MSTRG.180	Mito	53119	53969	-	851	3	1	2	1	3	12	2	3	4	17	11	10	12	10	9	4	2	4	6	11	14	9	29	1
MSTRG.181	Mito	56522	56842	+	321	10	5	11	6	12	10	10	9	7	27	27	30	30	8	4	14	13	8	3	17	17	27	54	3
MSTRG.182	Mito	62457	63028	+	572	4	8	9	9	16	12	6	17	7	22	22	14	13	15	7	8	11	9	12	15	22	21.50	47	6
MSTRG.183	Mito	66785	67009	+	225	3	5	4	3	6.50	8	9	12	9	20	28	14	18	17	2	6	8	7	3	11	10	12	28	0
MSTRG.184	Mito	69846	70117	-	272	4	3	3	3	7	9	6	9	14	17	18	13	20	13	2	12	9	11	3	14	7	8	33	3
MSTRG.185	Mito	71084	71388	+	305	16	16	13	18	46	28	22	51	28	107	100	91	89	60	10	46	56	32	17	45	36	70	152	18
MSTRG.186	Mito	73070	73362	+	293	3	6	9	10	25	16	22	14	23	35	28	31	28	19	11	26	16	13	9.50	15	23	27	42	6
MSTRG.187	Mito	76757	77140	-	384	1	0	5	1	3	3	1	2	1	7	3	2	8	2	0	6	2	3	2	3	7	7	17	1
MSTRG.188	Mito	77430	78083	-	654	19	21	25	15	48	26	18	26	23	69	69	43	51	24	12	23	19	23	18	57	56	80	138	19
MSTRG.189	Mito	80289	80710	+	422	29	46	31	17	43	40	41	31.50	28	99	112	109	111	43	26	67	69	57	32	78	61	152	255	17
MSTRG.190	Mito	81316	81604	+	289	4	7	3	4	6	0	2	3	3	8	6	0	3	1	6	4	2	2	3	4	11	17	24	4
MSTRG.191	V	7763	8153	+	391	4	11	10	3	14	8	2	5	10	19	28	18	21	15	7	19	13	14	9	11	10	15	20	4
MSTRG.192	V	8316	13341	-	5026	97	74	137	79	226	142	106	135	119	242	176	238	165	182	75	210	226	156	95	185	157	208	283	61
MSTRG.193	V	14605	16274	-	1670	33	23	48	26	63	37	25	45	34	73	80	85	70	38	20	46	68	35	25.50	78	47	70	59	18
MSTRG.194	V	21414	25498	+	4085	242	155	226	226	586	274	183	229	210.50	559	499	506	448	338	170	303	400	210	212	657	659	629	951	173
MSTRG.195	V	33815	34367	-	553	16	10	24	21	41	27	27	17	22	50	53	41	38	28	19	42	22	26	20	33	20	44	50	15
MSTRG.196	V	46058	46888	-	831	10	9	18	8	29	24	15	20	16	83	45	80	61	31	19	21	38	10	16	64	52	64	105	7
MSTRG.197	V	69294	69528	+	235	2	3	7	4	5	7	7	4	11	13	3	5	5	1	6	19	0	13	12	2	8	3	3	1
MSTRG.198	V	75658	77587	-	1930	82	104	133	59	161	104	134	93	176	91	97	93	87	125	112	182	137	126	123	70	47	98	94	58
MSTRG.199	V	99685	100037	+	353	19	14	15	9	30	19	11	23	21	37	27	27	17	27	9	13	33	19	9	46	21	23	14	15
MSTRG.200	V	108058	108472	+	415	315	487	755	250	625	570	628	770.50	823.50	1220	1281	1122	1106	858	495	1028	970	858	496.50	628	371	955	1166	320
MSTRG.201	V	110588	111077	-	490	36	29	43	23	49	36	35	39	46	58	70	73	53	47	28	38	60	48	26	89	39	50	77	21
MSTRG.202	V	131201	131484	+	284	4	9	9	1	14	2	3	5	7	5	5	7	4	3	3	12	5	3	6	9	4	9	4	2
MSTRG.203	V	152607	153212	+	606	3	12	13	5	10	3	22	6.50	33	7	12	8	11	3	24	14	8	14	19.50	6	6	12	21	3
MSTRG.204	V	155928	156513	-	586	7	4	7	11	23	15	8	11	5	15	10	9	6	10	5	12	5	8	9	16	21	13	12	2
MSTRG.205	V	173547	173813	+	267	6	2	3	9	21	3	2	6	7	10	4	7	5	7	4	5	4	3	10	16	10	9	18	2
MSTRG.206	V	177156	177634	-	479	16	12	19	12	42	27	17	28	31	41	41	52	28	35	17	26	30	25	20	25	26	34	33	12
MSTRG.207	V	186884	188247	-	1364	69	61	106	82	229	111	152	99	195	113	99	88	78	109	176	147	118	103	187	93	85	82	88	50
MSTRG.208	V	238385	238915	+	531	5	7	6	1	9	6	8	7	7	24	20	22	18	18	5	8	8	13	5	22	17	9	7	6
MSTRG.209	V	241850	242949	-	1100	9	15	31	5	30	17	29	10	52	19	14	16	23	10	23	51	19	31	31	22	5	17	13	4
MSTRG.210	V	258386	259185	.	800	390	226	348	327	773	597	521	661	711	1025	852	984	828	770	335	602	687	532	365.50	701	553	545	766	264
MSTRG.211	V	261539	261781	-	243	3	2	5	3	8	9	5	10	0	20	23	21	19	17	4	12	12	9	5	16	6	8	18	7
MSTRG.212	V	264123	264471	+	349	6	9	2	5	9	6	6	11	13	26	25	18	20	16	5	6	13	8	11	17	20	25	39	3
MSTRG.213	V	268416	268829	-	414	16	10	17	11	38	27	10	18	14	37	18	28	23	25	14	20	24	16	13	38	18	19	20	7
MSTRG.214	V	271161	271633	+	473	20	14	24	8	33	17	10	15	21	27	26	17	22	22	11	16	27	18	8	23	15	33	32	7
MSTRG.215	V	284385	284742	-	358	9	5	18	3	5	6	6	2	7	9	10	5	11	6	5	16	9	14	9	5	6	11	5	3
MSTRG.216	V	287138	287595	+	458	15	7	8	6	18	12	4	18	10	38	51	29	53	22	2	18	32	12	4	28	20	28	52	9
MSTRG.217	V	288597	290176	-	1580	79	41	38	44	97	75	43	95	83	112	67	136	60	99	34	55	110	45	29	103	75	54	54	32
MSTRG.218	V	290973	291521	-	549	9	7	7	11	18	10	12	12	15	20	12	18	11	14	10	12	18	12	11	17	15	9	14	3
MSTRG.219	V	313708	314400	-	693	12	34	52	24	32	22	49	28	62	53	44	53	37	36	37	51	39	52	44	32	23	25	41	16
MSTRG.220	V	332889	333104	+	216	1	0	3	1	6	4	1	4	6	7	2	7	4	0	1	3	5	4	1	6	3	6	1	0
MSTRG.221	V	353738	354057	+	320	1	3	7	2	11	4	5	6	11	7	16	5	5	8	7	7	6	10	14	6	0	11	10	1
MSTRG.222	V	361902	362194	-	293	3	5	8	2	15	6	9	3	10	11	12	12	6	11	6	19	7	8	8	14	9	17	15	4
MSTRG.223	V	363910	364252	-	343	9	5	8	5	12	10	12	10	11	8	8	16	17	18	5	18	9	9	6	8	9	10	5	4
MSTRG.224	V	374817	378051	-	3235	407	256	377	401	970	519	276	516	336	894	772	797	664	621	317	480	740	387	302	949	803	970	1179	299
MSTRG.225	V	416773	417182	+	410	122	96	141	135	286	208	142	180	210	300	235	326	219	224	103	200	238	156	150	252	247	224	341	81
MSTRG.226	V	422991	423920	+	930	34	21	37	31	81	52	35	70	34	74	58	67	56	39	27	50	57	41	23	66	50	44	67	22
MSTRG.227	V	437913	438617	+	705	10	3	15	5	28	22	19	23	17	46	25	33	38	35	8	32	36	24	7	24	14	8	24	4
MSTRG.228	V	483259	483864	+	606	51	54	90	24	68	62	173	80	239	18	11	30	22	89	104	160	116	123	141	10	7	17	20	29
MSTRG.229	V	488243	488519	-	277	2	12	12	3	16	7	19	9	8	10	12	6	12	7	3	4	6	4	13	14	12	23	17	7
MSTRG.230	V	490683	491412	+	730	33	26	35	24	43	37	27	45.50	30	77	80	52	64	53	19	55	44	54	13	37	42	64	102	20
MSTRG.231	V	500615	501515	+	901	13	17	26	9	26	18	23	18	24	47	43	54	44	20	19	52	23	28	19	24	18	39	30	9
MSTRG.232	V	504004	504854	+	851	298	221	303	161	443	392	281	375.50	341	589	418	518	404	499	153	458	552	289	215	361	263	317	389	206
MSTRG.233	V	548091	549434	-	1344	134	45	65	98	218	114	73	110	86	143	98	140	108	146	58	106	192	91	61	177	138	107	148	103
MSTRG.234	V	562961	563348	+	388	1	3	2	6	11	8	7	5	9	15	18	17	19	6	5	12	15	3	1	8	7	6	11	3
MSTRG.235	V	564631	566946	-	2316	77	383	637	23	86	48	310	50	438	80	83	60	53	108	313	613	86	568	362	87	62	65	84	40
MSTRG.236	V	567163	567623	-	461	7	1	1	2	11	4	6	9	4	25	9	14	9	9	1	3	18	0	2	5	12	7	10	4
MSTRG.237	V	570614	570917	+	304	0	0	0	0	1	0	0	0	0	0	1	1	0	0	0	1	0	0	1	1	0	0	1	0
MSTRG.238	VI	4	1436	-	1433	227	153	245	89	352	166	257	263	179	537	496	426	444	353	167	359	223	191	247	403	811	409	1152	138
MSTRG.239	VI	2143	4980	+	2838	51	32	51	11	70	24	44	57	22.50	121	113	87	89	89	22	56	65	40	15	64	121	83	251	28
MSTRG.240	VI	5872	6180	-	309	0	1	3	0	1	1	1	1	1	3	6	4	1	3	1	2	0	3	0	1	7	10	25	0
MSTRG.241	VI	16062	16274	-	213	35	23	29	28	52	52	34	57	44	70	72	86	54	57	28	48	56	34	35	60	60	60	92	19
MSTRG.242	VI	19055	20556	+	1502	19	19	47	14	36	21	77	25	147	55	54	42	54	32	118	73	31	54	135	35	41	59	73	14
MSTRG.243	VI	23364	27901	-	4538	224	426.50	618	265	645	350	574	384	886	852.50	820	706	739	502	615	1020	479	848	677	579	674	853	1457	186
MSTRG.244	VI	28408	28921	-	514	7	8	4	8	19	14	17	24	19	65	39	66	42	37	6	12	29	7	11	24	15	43	58	14
MSTRG.245	VI	29756	31220	+	1465	34	60	91	34	78	65	92	57	158.50	123	106	116	90	77	111	142	81	170	115	85	114	118	248	21
MSTRG.246	VI	31498	32868	+	1371	15	28	31	21	28	17	29	20	44	30	52	41	28	22	49	41	16	47	41	33	30	48	101	9
MSTRG.247	VI	36193	36581	-	389	45	58	86	42	109	67	88	64	128	96	98	86	91	62	82	110	77	94	82	88	92	116	137	26
MSTRG.248	VI	51464	52959	-	1496	77	70	90	53	113	86	98	91	132	215	198	227	175	116	82	158	149	110	70	171	116	238	207	56
MSTRG.249	VI	55005	55332	.	328	543	484.50	668	490	1146	674	536	617	642	1082.50	881	1084	860	745	567	801.50	924	571	612	1133	892	890	1024	414
MSTRG.250	VI	76223	76563	+	341	620	621	944	501	1246	865	803	828	1003	1441	1183	1279	1093	1189	765	1398.50	1090	1215	834	1005	1013	985	1180	429
MSTRG.251	VI	83926	84207	+	282	272	243	374	297	633	352	295	337	312	148	108	116	109	351	294	413	400	313	286.50	111	109	83	89	185
MSTRG.252	VI	97628	97966	-	339	28	13	13	15	52	19	32	16	40	22	25	23	25	23	34	18	38	13	43	28	15	25	23	13
MSTRG.253	VI	98241	98951	+	711	6	5	11	2	21	8	6	9	11	27	30	23	22	9	13	13	10	13	6	25	14	23	42	1
MSTRG.254	VI	110189	110506	+	318	24	31	41	23	65	38	29	41	28	53	37	61	41	32	28	45	33	26	36	61	59	59	49	21
MSTRG.255	VI	110509	111953	-	1445	16	12	25	15	46	22	15	16	16	35	29	35	35	31	14	32	40	17	20	32	28	32	52	8
MSTRG.256	VI	114131	114592	-	462	7	18	32	3	7	4	28	4	34	10	13	18	26	8	16	37	5	30	23	9	6	16	13	1
MSTRG.257	VI	193494	193834	+	341	13	8	12	10	16	11	7	10	10	16	19	16	11	11	11	19	34	8	9	19	15	16	21	9
MSTRG.258	VI	245543	245972	-	430	1	4	5	3	6	9	4	7	5	9	9	13	13	14	1	13	11	7	6	7	2	13	9	6
MSTRG.259	VI	251933	252268	-	336	9	6	6	3	9	3	5	5	1	12	11	6	10	5	5	7	3	8	5	7	15	12	15	6
MSTRG.260	VI	255808	256079	+	272	6	14	9	4	10	9	10	5	8	17	11	14	10	15	6	10	9	13	10	13	11	12	9	3
MSTRG.261	VI	256175	257222	+	1048	3	3	10	3	16	5	9	9	15	15	11	18	9	9	11	10	11	9	10	13	13	12	5	2
MSTRG.262	VI	261712	263948	-	2237	109	114	183	71	215	150	118	150	152	252	197	253	171	180	116	214	167	165	102	211	136	163	176	75
MSTRG.263	VI	265248	265614	+	367	133	42	72	112	356	191	64	186	69	323	220	281	252	296	27.50	116	206	76	39	276	275	235	219	110
MSTRG.264	VI	266303	268759	+	2457	36	27	55	16	53	36	51	43	68	94	98	119	90	61	45.50	97	49	55	49.50	75	86	108	134	16
MSTRG.265	VII	368	573	+	206	0	0	0	1	0	0	0	0	0	1	2	0	2	1	0	1	0	0	1	3	2	3	7	1
MSTRG.266	VII	10183	10921	+	739	17	7	9	19	40	35	6	23	14	46	24	48	16	22	10	10	30	10	11	51	42	41	51	11
MSTRG.267	VII	19674	19925	-	252	4	5	1	1	5	6	1	3	2	2	4	7	6	4	1	5	4	0	0	4	6	2	2	1
MSTRG.268	VII	27896	30173	+	2278	46	43	101	33	76	56	58	57	94	106	85	111	88	67	77	101	78	87	87	83	69	106	127	27
MSTRG.269	VII	63781	63996	+	216	9	6	10	5	15	8	4	6	16	10	12	21	16	11	9	13	6	7	10	15	13	13	15	5
MSTRG.270	VII	73939	74811	-	873	9	15	12	11	34	18	10	19	15	29	18	22	19	20	9	26	23	23	9	22	17	25	22	7
MSTRG.271	VII	89646	89978	+	333	12	2	2	9	14	40	28	37	25	45	39	71	37	42	2	28	56	19	9	27	13	10	14	6
MSTRG.272	VII	94470	95684	-	1215	21	24	57	18	46	28	49	36	81	76	59	58	63	36	49	78	48	45	74	53	37	80	71	19
MSTRG.273	VII	150526	150653	-	128	46	98	115	55	154	128	118	140	127	234	239	239	227	186	97	226	185	170	91	117	71	127	154	60
MSTRG.274	VII	154201	154402	+	202	8	20	17	5	12	8	7	15	15	19	25	14	19	15	13	19	9	19	11	13	12	10	8	4
MSTRG.275	VII	156821	157049	+	229	0	0	0	0	1	1	0	3	1	3	1	12	1	2	0	2	4	1	0	4	0	0	2	1
MSTRG.276	VII	159106	159677	-	572	6	17	17	7	25	20	21	9	28	25	21	27	19	19	19	30	23	23	24	17	10	15	24	1
MSTRG.277	VII	165144	166543	-	1400	43	61	87	28	87	60	99	57	122	131	138	124	139	84	78	120	99	102	102	66	60	126	130	25
MSTRG.278	VII	190581	190888	-	308	663	511	802	514	1253	991	732	907	883	1374	1168	1440	1140	1108	591	995	1239	868	675	1241	997	1205	1492	480
MSTRG.279	VII	193482	193685	+	204	4	0	3	1	3	3	7	5	6	9	1	10	7	4	2	3	6	4	2	2	0	0	0	2
MSTRG.280	VII	197595	197981	-	387	6	12	20	14	33	12	13	14	19	11	13	18	13	15	15	18	21	17	18	17	13	13	17	3
MSTRG.281	VII	272595	272809	-	215	11	9	9	6	36	17	20	12	28	16	7	10	3	18	28	13	18	12	22	17	8	10	6	7
MSTRG.282	VII	323350	325052	-	1703	23	52	64	18	67	34	68	42	85	60	60	53	50	36	64	59	36	51	96	44	31	77	88	20
MSTRG.283	VII	326260	326618	+	359	38	15	34	32	91	88	199	71	195	110	81	111	68	91	117	68	101	46	111	65	36	54	82	21
MSTRG.284	VII	344731	345257	+	527	14	10	19	5	36	8	9	16	16	35	27	24	28	19	13	20	19	10	18	30	31	31	46	13
MSTRG.285	VII	345291	345733	-	443	8	4	12	3	16	7	11	13	6	13	16	14	8	9	11	15	19	14	14	9	8	12	11	7
MSTRG.286	VII	412970	413199	-	230	2	6	6	4	9	6	3	6	2	12	12	4	4	6	4	8	5	5	6	9	5	8	7	5
MSTRG.287	VII	420927	421385	+	459	2	7	8	4	6	4	4	2	3	7	8	9	7	6	4	25	4	16	3	3	4	13	4	0
MSTRG.288	VII	422090	422918	+	829	18	19	31	9	46	36	31	28	73	31	13	28	27	21	29	36	39	30	29	17	14	18	19	9
MSTRG.289	VII	433064	435125	+	2062	85	104	135	77	191	151	177	140	197	194	209	167	201	163	149	194	198	191	163	148	127	240	280	57
MSTRG.290	VII	483270	485096	-	1827	48	51	59	29	97	73	75	83	62	109	95	99	86	75	40	92	109	70	60	55	53	71	83	32
MSTRG.291	VII	523007	523573	-	567	22	15	24	31	49	37	13	36	9	53	39	43	32	43	14	24	35	19	8	49	42	49	50	13
MSTRG.292	VII	524833	525209	-	377	7	4	1	3	12	3	4	5	6	17	5	16	7	8	7	8	6	5	10	15	9	11	12	2
MSTRG.293	VII	531305	531504	-	200	12	4	8	7	34	23	9	29	14	31	26	23	20	27	6	14	34	11	8	18	17	19	20	9
MSTRG.294	VII	577488	579324	-	1837	85	86	147	73	199	114	124	140	183	185	181	150	161	131	126	168	148	145	161	156	160	190	297	65
MSTRG.295	VII	581918	582847	+	930	20	86	74	18	37	23	38	38	30	48	38	52	27	31	35	43	31	42	37	33	24	34	30	5
MSTRG.296	VII	609196	609521	-	326	1	5	17	2	10	6	10	1	10	6	7	6	7	2	12	21	7	10	7	10	5	13	8	2
MSTRG.297	VII	620084	621775	+	1692	43	35	52	40	106	85	92	72	113	142	133	121	126	111	42	135	158	100	67	96	64	104	138	23.50
MSTRG.298	VII	659896	661673	-	1778	5	16	15	12	18	26	32	22	53	40	27	37	21	32	28	45	1060	451	38	12	7	20	16	4
MSTRG.299	VII	677566	678350	-	785	8	27.50	56	11	21	8	33	8	21	26	33	18	25	18	28	36	17	40	41	17	17	37	42	5
MSTRG.300	VII	700091	700433	+	343	4	3	4	3	6	4	5	5	10	8	4	9	3	8	4	4	2	3	1	5	4	8	6	2
MSTRG.301	VII	702140	702653	+	514	6	12	31	6	16	12	29	12	44	8	11	7	4	9	16	24	6	17	33	11	4	9	7	2
MSTRG.302	VII	715283	715800	-	518	4	8	11	4	18	11	6	6	9	15	10	18	18	13	5	11	8	10	4	15	11	18	18	5
MSTRG.303	VII	731350	733147	+	1798	313	177	373	242	663	361	282	337	379	662	634	649	598	510	306	483	572	372	366	581	545	715	917	246
MSTRG.304	VII	733278	733533	-	256	10	1	5	6	18	5	6	12	17	24	21	18	17	13	9	17	11	16	17	9	8	13	8	1
MSTRG.305	VII	738446	739056	+	611	18	14	20	14	33	19	11	17	9	33	16	20	13	14	6	10	29	15	10	28	18	28	29	5
MSTRG.306	VII	741709	742103	.	395	77	98	138	110	327	209	198	216	231	467	355	361	340	280	109	230	244	182	129	309	251.50	283	337	99
MSTRG.307	VII	754091	754625	-	535	5	14	23	4	18	18	15	17	19	20	25	23	29	11	13	36	11	35	14	18	18	28	32	3
MSTRG.308	VII	765936	767040	-	1105	25	29	38	11	50	35	31	35	63	65	40	43	42	47	35	59	41	54	35	39	35	37	47	16
MSTRG.309	VII	774449	774826	-	378	2	5	5	2	3	1	1	3	1	7	10	14	9	5	0	9	7	5	5	14	1	12	19	1
MSTRG.310	VII	778290	778521	+	232	36	33	31	32	57	50	41	48	37	60	49	62	38	45	37	29	49	29	27	67	44	53	52	14
MSTRG.311	VII	779830	780119	+	290	9	8	5	0	11	3	7	8	12	17	24	12	20	7	6	19	11	19	3	8	7	19	17	7
MSTRG.312	VII	788426	788963	-	538	22	21	50	16	45	22	47	9	43	24	23	22	23	11	22	32	19	33	54	19	20	40	47	10
MSTRG.313	VII	810584	811120	-	537	101	89	134	85	245	191	647	193	762	94	41	69	39	168	369	363	193	207	398	71	23	19	11	53
MSTRG.314	VII	836112	836381	-	270	12	8	11	24	53	33	22	22	32	40	37	34	16	25	19	26	23	12	15	36	33	28	25	14
MSTRG.315	VII	875400	875933	-	534	2	138.50	7	141	2	295	13	8	299	262	221	7	20	320	150	425	2	7	2	205	1	162	5	110
MSTRG.316	VII	878412	880037	+	1626	127	60	169	9	262	16	121	194	54	19	15	158	92	22	28	140	251	174	123	7	115.50	10	74	8
MSTRG.317	VII	894219	894501	-	283	9	12	14	6	21	18	20	11	20	38	29	30	22	19	15	32	16	30	8	17	19	23	30	2
MSTRG.318	VII	942597	944894	-	2298	94	132	208	132	290	136	212	163	293	260	272	255	229	217	209	298	236	232	247	220	205	310	427	61
MSTRG.319	VII	958553	959534	-	982	46	30	49	29	78	65	60	62	86	131	110	121	108	84	48	74	72	49	77	83	62	101	88	38
MSTRG.320	VII	968826	969184	+	359	66	61	87	46	107	78	64	50	81	82	80	80	78	57	82	68	103	58	87	93	74	86	113	42
MSTRG.321	VII	973826	974870	+	1045	99	131	175	83	272	143	296	139	398	160	154	163	130	136	407	202	155	173	411	145	133	158	133	51
MSTRG.322	VII	990103	990842	+	740	8	4	13	3	16	17	24	14	27	41	20	38.50	22	29	19	21	13	7	16	11	9	17	31	3
MSTRG.323	VII	993787	994060	-	274	8	8	8	3	26	14	9	6	7	18	8	23	7	11	1	10	10	9	4	17	16	9	7	3
MSTRG.324	VII	994228	995316	+	1089	37	47	71	38	108	76	68	83	86	145	119	144.50	104	115	39	109	124	77	56	75	59	71	75	40
MSTRG.325	VII	996280	996574	+	295	84	84	136	107	285	135	118	150	132	173	161	172	131	161	115	147	156	106	119	160	141	148	172	68
MSTRG.326	VII	999515	1000471	-	957	14	9	15	4	35	20	6	15	15	27	20	35	25	19	7	14	23	15	8	27	14	16	23	15
MSTRG.327	VII	1052389	1052725	-	337	1	2	2	0	4	2	4	11	3	5	11	6	9	1	0	4	5	2	0	3	3	5	7	0
MSTRG.328	VII	1066064	1067190	+	1127	16	15	36	12	44	25	24	27	35	67	60	54	49	47	29	50	42	23	21	41	36	31	46	14
MSTRG.329	VII	1069749	1069988	-	240	1	6	1	0	2	0	6	1	3	2	1	3	1	1	2	2	3	0	1	1	8	2	1	0
MSTRG.330	VII	1072341	1072553	-	213	0	1	0	0	2	5	16	4	18	1	3	1	1	2	3	4	1	1	9	1	0	0	0	0
MSTRG.331	VII	1072641	1073172	+	532	8	5	14	8	18	10	13	11	14	26	22	20	24	9	17	11	12	17	12	15	22	24	38	2
MSTRG.332	VII	1078615	1080055	+	1441	66	162	304	86	189	87	148	90	183	129	126	125	107	102	135	260	106	197	160	117	107	145	189	49
MSTRG.333	VII	1080754	1081341	-	588	22	8	13	12	54	29	14	34	12	49	34	46	20	35	15	27	35	9	14	50	43	41	58	10
MSTRG.334	VII	1082872	1088869	+	5998	17	68	127	26	50	25	90	29	130	46	78	47	59	24	105	160	31	129	115	31	39	55	101	13.50
MSTRG.335	VIII	10630	11659	-	1030	21	12	29	16	42	22	25	27	39	61	54	58	60	37	28	54	41	41	34	45	46	52	84	12
MSTRG.336	VIII	12837	13356	-	520	3	1	1	2	13	7	3	13	3	24	22	26	26	25	0	5	15	7	3	12	4	13	20	3
MSTRG.337	VIII	16429	17273	+	845	61	43	67	52	121	80	58	97	82	149	128	163	113	94	55	78	116	70	67	97	77	115	149	32
MSTRG.338	VIII	18452	18883	+	432	4	6	8	3	12	13	4	11	10	16	5	9	6	12	2	7	15	7	5	2	2	5	7	1
MSTRG.339	VIII	74579	75022	-	444	4	31	47	6	13	9	32	5	67	13	23	6	13	7	40	38	7	32	36	9	9	23	25	5
MSTRG.340	VIII	98450	98981	+	532	20	20	24	14	38	28	19	45	20	40	40	42	32	43	10	33	34	20	15	22	15	40	39	13
MSTRG.341	VIII	121816	122468	+	653	16	13	26	6	12	5	5	9	14	17	27	10	15	10	8	25	11	20	20	14	13	23	15	5
MSTRG.342	VIII	150775	151077	-	303	7	5	2	7	19	10	2	12.50	4	14	14	13	10	9	4	11	9	7	3	11	11	9	19	3
MSTRG.343	VIII	194884	195252	-	369	17	14	20	6	40	24	17	21	22	44	41	44	30	22	7	19	40	19	8	34	16	29	33	13
MSTRG.344	VIII	201484	204444	+	2961	51	37	67	55	148	90	125	104	169	152	113	136	91	89	89	110	105	81	111	108	95	95	153	35
MSTRG.345	VIII	238234	238828	-	595	13	17	30	10	27	11	17	7	22	18	25	20	18	14	18	26	15	18	19	21	18	34	53	7
MSTRG.346	VIII	241849	242206	-	358	35	17	39	27	53	35	29	31	22	47	35	47	22	24	18	19	30	27	34	50	38	30	19	12
MSTRG.347	VIII	249725	250222	-	498	10	9	29	15	43	21	15	30	26	27	43	40	38	24	17	26	29	16	26	28	27	28	44	11
MSTRG.348	VIII	262100	262404	+	305	4	16	9	1	6	3	4	1	4	6	6	5	3	3	5	14	2	16	9	5	5	6	10	2
MSTRG.349	VIII	271690	272398	-	709	341	510	788	301	853	685	925	607	1083	1396	1284.50	1274	1126	830	674	1212	847	939	791	843.50	739	1069	1329	288
MSTRG.350	VIII	273817	274068	-	252	4	6	0	0	0	0	2	0	3	12	8	16	3	1	1	4	1	2	0	11	8	9	11	2
MSTRG.351	VIII	280365	280731	-	367	0	2	3	1	2	1	3	1	1	3	7	0	3	4	4	6	3	1	2	4	4	8	7	1
MSTRG.352	VIII	289106	289801	-	696	39	22	27	23	77	67	128	47	151	67	53	76	54	63	97	62	92	42	103	46	23	56	54	20
MSTRG.353	VIII	290034	290503	+	470	3	0	3	3	8	5	4	5	6	6	9	5	2	11	1	8	4	3	4	8	5	7	10	4
MSTRG.354	VIII	293890	294616	+	727	15	13	28	13	41	16	25	17	12	49	28	35	38	20	12	17	26	20	21	35	45	40	56	10
MSTRG.355	VIII	356131	358175	-	2045	144	115	174	115	303	182	190	204	233	238	177	260	174	233	159	294	277	227	173	190	198	181	272	94
MSTRG.356	VIII	364271	365024	+	754	8	14	22	7	27	13	10	19	18	26	19	18	15	21	14	31	23	11	12	18	14	35	27	8
MSTRG.357	VIII	379640	379905	+	266	4	4	8	8	9	5	9	3	3	5	11	9	3	8	4	6	2	6	10	9	6	11	16	2
MSTRG.358	VIII	464173	465285	-	1113	46	74	107	48	121	56	53	49	77	106	108	95	80	64	67	102	72	83	66	91	84	118	136	29
MSTRG.359	VIII	466132	466516	+	385	3	10	16	3	16	11	10	4	16	20	26	17	21	14	10	21	19	8	15	19	12	18	29	2
MSTRG.360	VIII	483946	484586	-	641	57	58	104	49	150	62	73	76	81	146	147	151	161	104	115	119	109	115	120	129	157	219	370	39
MSTRG.361	VIII	516665	517086	-	422	1	3	4	1	3	3	2	1	0	6	9	4	4	1	0	8	4	3	3	7	6	14	12	2
MSTRG.362	VIII	522187	522552	+	366	4	6	9	4	5	7	8	6	17	7	5	11	7	7	7	19	6	8	9	3	2	10	14	1
MSTRG.363	VIII	523052	523741	+	690	60	59	74	41	151	114	100	89	136	204	165	148	136	139	60	143	122	84	77	112	115	154	235	42
MSTRG.364	VIII	529097	529340	-	244	4	7	16	3	16	8	9	4	20	21	16	14	15	7	9	16	10	16	15	14	12	24	24	6
MSTRG.365	VIII	530731	535741	-	5011	10	12	18	8	17	18	16	18	19	39	46	40	25	26	17	29	40	20	10	29	25	37	50	4
MSTRG.366	VIII	549805	550738	+	934	0	0	4	6	7	2	0	5	3	3	4	7	0	3	5	3	4	1	2	1	2	5	1	3
MSTRG.367	VIII	556209	556527	-	319	3	3	8	1	6	3	5	11	8	18	32	26	15	9	2	12	11	5	3	12	38	17	82	1
MSTRG.368	VIII	557940	559574	-	1635	1	1	5	2	1	1	3	1.50	1	0	3.50	2	2	1	1	0	3	0	0	1.50	1	3	4	1
MSTRG.369	X	2459	6931	+	4473	1	5	3	1	9	6	1	1	1	2	2	3	2	1	3	0	1	2	1	4	4	0.50	3	0
MSTRG.370	X	19667	20305	-	639	0	1	1	0	0	0	1	0	1	2	0	0	0	1	0	1	1	0	1	0	0	0	0	1
MSTRG.371	X	24469	24706	+	238	3	1	1	2	9	4	1	5	2	4	1	9	5	6	1	3	4	3	4	5	6	7	1	2
MSTRG.372	X	25352	26886	+	1535	136	54	80	133	380	145	86	147	102	259	150	214	130	179	71	84	212	85	102	279.50	271	261	275	133
MSTRG.373	X	27026	31121	-	4096	42	57	119	45	138	62	77	76	103	218	187	159	187	101	104	129	90	108	105	140	186	252	463	31
MSTRG.374	X	31230	31577	+	348	0	2	0	2	2	0	1	1	1	2	1	2	0	2	0	1	1	2	6	1	2	2	1	0
MSTRG.375	X	116019	117100	+	1082	7	23	34	8	22	19	19	17	35	30	26	23	26	22	21	57	18	27	23	21	17	23	35	6
MSTRG.376	X	119540	120000	+	461	6	4	7	3	24	8	5	13	12	18	15	29	13	7	4	14	14	9	6	23	14	9	20	4
MSTRG.377	X	126832	129050	+	2219	379	807	1290	291	814	570	816	518	1052	461	382	440	380	709	717	1913	730	1382	755	321	299	375	532	250
MSTRG.378	X	180522	181133	+	612	12	2	13	16	29	15	15	14	15	28	24	27	22	16	4	15	20	16	10	29	23	30	23	7
MSTRG.379	X	220086	220664	-	579	7	4	10	8	28	6	10	21	12	40	47	40	40	17	4	16	30	8	10	21	23	34	49	7
MSTRG.380	X	223820	224038	+	219	1	2	3	0	4	3	3	1	6	8	11	5	7	4	5	5	6	3	3	3	4	12	12	3
MSTRG.381	X	224238	227079	-	2842	132	118	198	91	237	153	163	147	222	396	374	328	344	239	164	283	266	204	196	291	272	432	619	83
MSTRG.382	X	236757	237135	-	379	2	6	6	2	7	3	7	1	14	9	16	11	12	6	5	9	9	12	9	11	12	14	21	0
MSTRG.383	X	278310	278801	-	492	29	28	32	24	45	35	35	35	35	126	115	127	96	55	30	49	51	45	26	112	72	106	147	14
MSTRG.384	X	337467	337813	+	347	0	6	12	2	6	7	17	7	11	5	13	13	9	7	8	11	2	7	10	8	4	9	13	0
MSTRG.385	X	375053	375841	+	789	16	18	27	23	31	20	12	14	21	39	44	38	35	25	20	31	40	20	16	43	26	59	33	13
MSTRG.386	X	376189	376651	-	463	3	7	6	4	11	7	4	6	10	8	7	4	9	3	2	9	5	9	5	3	7	4	6	1
MSTRG.387	X	415139	415429	+	291	9	6	1	9	12	4	4	13	3	11	9	10	7	4	3	7	8	2	12	15	4	18	5	5
MSTRG.388	X	445246	445690	-	445	55	51	64	46	107	77	33	53	60	135	106	117	116	100	41	112	101	87	33	105	90	107	136	34
MSTRG.389	X	460815	461579	-	765	17	10	24	11	36	18	16	15	10	51	41	32	42	21	11	20	20	20	10	32	25	47	43	10
MSTRG.390	X	539479	540483	-	1005	20	22	42	27	68	34	25	29	46	36	40	38	27	39	33	46	49	36	35	48	23	40	52	15
MSTRG.391	X	619869	620613	+	745	3	3	8	1	7	12	5	15	5	20	15	13	16	15	11	10	17	7	13	9	8	12	8	4
MSTRG.392	X	626960	628728	-	1769	190	123	192	171	476	363	216	319	238	448	349	496	340	379	153	302	457	200	163	370	331.50	313	503	126
MSTRG.393	X	639026	639383	-	358	6	13	11	10	19	7	4	12	2	31	17	28	14	9	7	9	18	9	7	24	18	17	28	4
MSTRG.394	X	646571	649505	+	2935	7055	5603	8411	6444.50	13882	9863	7692	11040	9460.50	18169	16004	16074	14720	13316	6532	11025.50	13399	9600	6707	11593.50	10483	13884.50	15043	7317
MSTRG.395	X	709961	710423	+	463	2	5	4	3	10	5	6	9	5	14	6	6	9	8	10	3	7	2	11	13	11	7	11	0
MSTRG.396	X	711280	711795	+	516	2	2	2	6	3	2	6	3	6	11	6	7	8	7	4	7	3	1	11	8	7	6	14	0
MSTRG.397	X	716244	717580	-	1337	89	56.50	85	80	185	100	109	103	130	222	162	162	143	128	96	138	160	117	98	116	145	161	237	63
MSTRG.398	X	717832	719382	+	1551	47	32	76	51.50	109	60	61	75	80.50	116	74	120	65	88	60	107.50	100	70	63	91	118	77	109	26
MSTRG.399	X	721103	725480	-	4378	315	1203.50	1904	324	702	436	2199	399	2674	449	518	435	460	465	1850.50	2524	577	1969	2195	493	375.50	460	673	209
MSTRG.400	X	730569	734257	-	3689	2	2	1	1	3	1	1	0	1	2	3	1	0	1	1.50	0	0	0	2	7	4	2	7	3
MSTRG.401	X	734320	734620	+	301	0	0	0	0	0	0	0	0	0	0	0	0	0	0	0	0	0	0	0	0	0	0	0	0
MSTRG.402	X	741784	742629	+	846	8	6	14	4	9	6	12	8	14	18	14	12	5	6	7	16	10	7	13	11	8	14	25	2
MSTRG.403	XI	5988	7784	-	1797	9	222	526	25	32	25	434	22	620	16	13	10	13	27	436	827	33	465	491	9	6	15	19	12
MSTRG.404	XI	8127	8547	-	421	1	1	0	1	2	0	7	1	9	1	0	2	0	2	7	1	2	2	11	1	1	1	2	0
MSTRG.405	XI	11396	14387	+	2992	9	5	16	9	34	10	33	12	52	34	35	30	17	23	65	19	29	21	80	17	9	22	18	4
MSTRG.406	XI	18110	21654	+	3545	191	207	311	168	455	234	255	263	371	489	506	432	457	308	222	481	371	377	233	480	386	559	598	127
MSTRG.407	XI	88711	89003	+	293	12	13	23	7	19	12	24	16	26	31	26	24	29	20	17	27	27	20	24	22	8	31	34	6
MSTRG.408	XI	92029	92544	-	516	6	8	12	6	18	6	18	9	19	27	18	24	17	10	7	14	14	12	8	18	25	15	31	3
MSTRG.409	XI	93858	94433	-	576	0	4	6	3	2	6	9	4	13	13	9	19	13	4	3	14	8	10	4	9	9	14	26	4
MSTRG.410	XI	136369	137641	+	1273	31	11	24	25	82	42	42	51	55	35	26	48	31	53	24	49	62	24	32	36	32	21	40	23
MSTRG.411	XI	143046	144061	+	1016	40	58	72	60	128	62	73	65	90	96	169	116	132	95	63	127	81	100	59	103	80	115	144	36
MSTRG.412	XI	150607	152974	+	2368	118	255	323	116	286	181	306	172	425	381	435	392	372	218	254	507	263	355	294	338	256	389	483	76
MSTRG.413	XI	230296	230942	+	647	12	6	14	5	17	10	31	6	28	15	30	14	16	11	16	22	13	7	16	9	7	13	12	4
MSTRG.414	XI	259961	260651	-	691	8	7	4	3	18	3	7	5	9	11	13	5	7	8	6	15	8	7	9	9	11	16	23	1
MSTRG.415	XI	270789	271847	-	1059	118	82	159	81	244	149	165	141	187	208	199	236	169	187	116	222	224	143	127	183	135	176	231	81
MSTRG.416	XI	303225	304820	+	1596	53	51	100	38	105	68	75	49	80	97	89	106	72	81	65	114	94	81	73	113	68	86	86	33
MSTRG.417	XI	306304	307069	-	766	198	143	243	206	521	380	326	335	426	465	418	445	381	427	212	410	486	259	272	368	331	324	431	145
MSTRG.418	XI	308316	308767	-	452	8	13	9	6	21	11	6	9	15	19	21	21	21	10	4	15	11	13	9	19	8	21	32	5
MSTRG.419	XI	322196	322910	-	715	1	5	6	3	14	2	2	3	6	17	13	8	15	5	4	0	6	5	3	15	15	12	18	4
MSTRG.420	XI	355631	356238	-	608	3	2	6	0	8	3	8	5	10	13	14	10	12	4	14	8	7	7	11	6	6	13	15	1
MSTRG.421	XI	368886	369120	-	235	5	5	4	3	5	2	7	3	9	15	7	10	4	5	5	3	10	4	7	4	3	7	7	1
MSTRG.422	XI	378964	379667	+	704	4	0	1	4	8	3	3	2	2	14	13	9	7	5	2	2	4	1	4	15	18	19	38	1
MSTRG.423	XI	462970	463384	-	415	0	3	9	1	9	4	5	4	14	1	1	1	1	3	14	11	2	5	18	2	2	4	1	2
MSTRG.424	XI	466293	469424	+	3132	216	153	238	151	461	300	252	288	351	481	350	452	348	349	233	342	414	226	258	331	331	385	529	158
MSTRG.425	XI	514683	515036	-	354	8	5	12	11	25	18	14	9	22	7	9	7	6	10	18	15	6	9	24	13	6	10	8	11
MSTRG.426	XI	535972	536453	.	482	129	131	213	141	336	244	204	212	315	430	330	392	321	235	191	287	269	224	216	374	310	354	496	106
MSTRG.427	XI	578471	578860	+	390	8	7	17	9	17	5	6	12	4	15	17	23	22	12	1	18	15	12	2	15	12	17	16	6
MSTRG.428	XI	581373	581688	-	316	3	3	1	6	6	3	7	3	0	4	7	1	5	5	2	7	6	4	5	0	4	4	13	1
MSTRG.429	XI	619001	619331	+	331	43	45	45	29	73	61	35	61	35	68	64	53	67	65	21	59	70	43	26	67	37	79	58	30
MSTRG.430	XI	630843	631059	-	217	3	3	18	2	7	6	15	10	11	23	27	10	26	13	10	11	13	7	5	6	12	21	20	2
MSTRG.431	XI	642982	645878	+	2897	250	165	301	240.50	446	300.50	274	344	359	703	595	684	523	513	264	479	532	355	234	476	427	448	777	156
MSTRG.432	XI	649954	650431	-	478	12	10	15	5	29	11	15	14	19	25	16	17	22	14	9	22	14	14	14	22	17	16	13	6
MSTRG.433	XI	650484	653056	+	2573	236	172	279	238	599	345.50	243	332	344	536	413	488	342	331	230	466	436	317	235	442	478	436	670	133
MSTRG.434	XI	658337	660601	+	2265	33	26	53	42.50	115	44	29	49	29	67	68	69	77	55	33	56	50	36	42	100	109	125	127	36
MSTRG.435	XI	661337	662544	-	1208	31	109	196	24	91	65	56	63	78	91	84	88	91	54	46	256	88	247	48	77	61	108	119	27
MSTRG.436	XI	663687	665353	+	1667	19	16	21	18	56	17	19	20	26	42	30	30	36	20	38	25	32	25	32	50	45	80	94	15
MSTRG.437	XI	665924	666314	-	391	1	3	2	2	3	3	0	2	6	4	3	4	3	0	1	2	0	0	3	7	6	8	18	0
MSTRG.438	XII	8547	11548	+	3002	0	2	2	0	0	0	2	0	4	2	1	4	2	1	0	4	2	0	1	2	3	3	8	0
MSTRG.439	XII	28729	29647	-	919	9	6	11	14	24	7	13	7	17	7	14	7	9	13	11	15	10	10	13	6	15	17	15	8
MSTRG.440	XII	49225	49646	-	422	6	5	8	2	7	6	8	2	6	11	13	13	8	8	9	10	6	7	9	7	7	11	14	2
MSTRG.441	XII	92796	94447	+	1652	62	73	126	61	208	106	91	108	166	130	108	124	85	128	115	164	159	123	126	159	109	165	175	44
MSTRG.442	XII	168452	168774	+	323	0	23	24	0	0	0	0	0	1	0	1	0	0	0	0	34	1	44	0	0	0	0	0	0
MSTRG.443	XII	193681	194106	+	426	1	2	6	5	14	7	1	9	7	8	9	2	5	4	3	3	4	6	7	7	11	9	11	4
MSTRG.444	XII	219924	220288	-	365	50	49	117	63	221	86	77	82	77	43	51	9	16	43	87	44	35	26	115.50	59	64.50	112	104	42
MSTRG.445	XII	222287	222673	+	387	13	11	6	6	24	21	15	29	22	38	30	46	44	27	11	15	43	26	6	24	11	27	19	2
MSTRG.446	XII	223376	223673	-	298	5	8	16	5	19	18	32	16	21	27	27	21	29	13	9	28	18	19	22.50	11	15	24	29	4
MSTRG.447	XII	224233	224681	+	449	11	9	21	11	44	13	12	20	24	22	17	24	13	20	17	20	23	20	23	20	19	20	14	7
MSTRG.448	XII	230805	231256	+	452	2	14	32	2	8	5	17	6	25	4	1	3	3	4	25	16	7	17	38	0	0	6	3	5
MSTRG.449	XII	253585	253804	-	220	1	3	5	3	3	1	1	4	1	3	2	2	1	3	0	3	3	0	0	2	1	4	6	0
MSTRG.450	XII	274206	275242	+	1037	30	23	34	15	45	30	31	33	37	55	70	51	56	32	33	45	46	35	26	33	25	49	80	25
MSTRG.451	XII	315758	315977	-	220	1	4	7	11	22	20	12	12	12	29	44	32	22	16	8	26	25	11	12	29	25.50	29	46	6
MSTRG.452	XII	323199	323524	-	326	20	12	9	10	30	10	12	12	19	27	19	21	21	25	9	18	15	9	14	23	16	26	32	11
MSTRG.453	XII	392921	393200	-	280	6	4	8	7	16	8	11	18	15	11	6	16	11	13	11	9	16	12	11	9	6	13	8	8
MSTRG.454	XII	394059	394584	+	526	17	10	20	10	60	21	15	20	20	30	29	31	21	32	16	22	29	18	24	25	36	44	38	10
MSTRG.455	XII	449746	451207	+	1462	23	25	64	17	60	27	45	31	61	81	78	75	74	45	43	79	66	57	47	59	53	58	90	16
MSTRG.456	XII	451417	451753	+	337	0	0	0	0	0	0	0	0	0	0	0	0	0	0	0	0	0	0	1	0	1	1	0	0
MSTRG.457	XII	458676	459675	.	1000	6	4	6.50	8	11.50	12	14	11	8.50	19	11.50	12	9	6	3.50	5.50	8	7	2.50	12	5	9.50	8.50	3.50
MSTRG.458	XII	460456	460656	-	201	33	7	11	24	105	13	6	23	2	37	39	33	25	15	3	15	21	16	6	48	69	23	36	16
MSTRG.459	XII	467812	468812	+	1001	5	5	6.50	7	10.50	7	3	6	3.50	9	6.50	8	6	4	3.50	4.50	6	3	2.50	9	2	6.50	4.50	3.50
MSTRG.460	XII	489612	490492	-	881	9	6	16	10	45	144	208	169	202	193	171	42	191	157	10	154	61	153	29	34	41	25	26	12
MSTRG.461	XII	490898	491779	+	882	56	36	61	46	105	81	53	66	91	100	75	99	64	70	45	69	84	58	50	82	59	81	85	28
MSTRG.462	XII	498122	498806	-	685	11	22	38	14	27	13	22	15	31	16	37	16	34	10	33	63	19	37	41	12	11	40	22	6
MSTRG.463	XII	542132	543574	+	1443	10	66	97	7	29	20	89	21	94	19	35	34	44	23	35	137	20	90	80	19	12	37	14	6
MSTRG.464	XII	566721	567744	+	1024	10	9	13	9	15	19	13	18	11	34	45	38	48	20	12	26	38	11	8	25	23	60	63	5
MSTRG.465	XII	603081	603712	-	632	21	38	58	14	51	37	65	48	83	15	15	23	32	39	55	83	29	55	62	15	8	12	13	16
MSTRG.466	XII	614221	614692	-	472	15	25	22	10	36	14	4	19	11	30	16	17	17	14	14	17	18	13	14	21	17	26	17	11
MSTRG.467	XII	665209	665492	-	284	7	4	6	1	13	7	12	10	14	19	14	16	13	12	3	13	6	10	6	12	12	13	12	1
MSTRG.468	XII	673384	673991	+	608	178	64	106	240	698	277	323	340	270	471	331	288	314	311	97	224	208	144	89	387	454	254	307	131
MSTRG.469	XII	682337	682628	-	292	2	8	4	6	9	6	1	9	6	6	12	9	8	6	2	5	12	3	4	10	7	14	8	0
MSTRG.470	XII	789689	790404	-	716	2	20	32	5	16	12	30	12	44	8	8	12	2	6	19	65	8	35	16	4	2	4	6	2
MSTRG.471	XII	791916	793472	-	1557	8	96	166	5	17	13	87	14	118	25	23	22	21	20	89	193	23	145	90	18	14	29	28	14
MSTRG.472	XII	807234	808642	-	1409	64	26	51	52	146	94	45	94	44	210	222	187	198	105	39	59	159	33	31	155	94	212	288	54
MSTRG.473	XII	809104	809392	+	289	13	6	11	8	18	11	9	9	9	43	33	31	28	12	6	22	9	13	9	26	13	23	28	5
MSTRG.474	XII	854731	855171	+	441	8	8	10	4	15	8	7	7	10	16	13	16	17	20	4	12	11	8	6	15	17	11	17	2
MSTRG.475	XII	1001830	1002149	-	320	4	5	13	3	11	9	4	8	9	11	5	9	6	6	5	13	5	7	6	9	13	12	8	5
MSTRG.476	XII	1030039	1030600	-	562	11	27	54	9	24	27	50	22	72	46	54	57	49	27	25	71	27	62	27	29	19	47	60	9
MSTRG.477	XII	1061664	1062659	+	996	11	7	10	5	9	7	40	9	50	1	2	2	4	7	47	20	5	20	44	3	12	5	5	4
MSTRG.478	XII	1064947	1065236	.	290	104	100	108	42	189	142	154	129	160	328	278	296	221	240	88	207	291	216	94	245	220	242	441	78
MSTRG.479	XIII	4783	6309	+	1527	6	11	10	1	7	6	12	10	14	19	10	19	13	20	4	15	8	10	5	12	9	16	23	4
MSTRG.480	XIII	8848	9748	-	901	11	7	14	9	16	12	7	13	16	19	14	25	9	13	19	15	11	12	21.50	22	19	20	28	4
MSTRG.481	XIII	13433	14287	+	855	34	21	24	32	113	35	26	68	26	107	70	99	65	82	13	37	65	31	20	57	59	71	64	19
MSTRG.482	XIII	31782	32032	-	251	1	14	30	1	4	2	5	6	5	3	2	5	0	3	6	18	4	17	13	5	2	1	3	1
MSTRG.483	XIII	45955	46665	-	711	39	15	36	36	84	49	26	63	37	102	89	95	88	72	29	40	64	25	23	104	84	87	98	28
MSTRG.484	XIII	100129	101279	+	1151	18	23	32	14	28	25	33	9	20	28	36	31	43	20	30	57	25	28	44	26	32	41	77	5
MSTRG.485	XIII	119387	120085	-	699	98	54	113	118	339	124	67	110	92	253	144	189	129	133	102	111	108	61	84	207	240	189	237	67
MSTRG.486	XIII	122150	122962	-	813	22	23	36	22	62	22	34	17	38	32	30	38	32	29	36	38	27	19	42	45	59	55	68	11
MSTRG.487	XIII	140368	141681	+	1314	30	43	88	25	82	51	86	44	113	69	64	63	56	51	66	116	80	112	61	52	33	74	60	17
MSTRG.488	XIII	164444	164673	-	230	6	5	5	1	3	8	4	4	9	8	9	13	9	9	3	7	1	4	3	6	4	8	12	1
MSTRG.489	XIII	258683	259009	-	327	24	40	60	17	62	19	28	31	28	52	32	54	31	39	36	47	34	50	61	51	37	63	61	18
MSTRG.490	XIII	259319	260026	-	708	50	506	666	36	102	78	230	61	223	79	68	65	63	76	132	890	111	640	160	73	47	66	69	32
MSTRG.491	XIII	277750	279839	+	2090	66	86	101	51	168	93	101	125	111	300	318	208	227	140	80	147	145	123	92	181	90	277	238	73
MSTRG.492	XIII	306425	306654	-	230	0	0	2	1	2	2	0	1	0	2	3	2	2	1	0	2	1	1	1	1	2	4	10	0
MSTRG.493	XIII	306855	307518	-	664	1	1	4	1	2	1	3	8	4	14	15	13	8	8	6	13	8	4	2	10	9	5	25	3
MSTRG.494	XIII	309013	310070	+	1058	21	10	15	19	41	23	9	20	14	42	29	42	43	27	11	27	31	13	6	33	33	51	70	9
MSTRG.495	XIII	311637	312081	-	445	6	14	20	9	32	19	18	14	26	30	22	17	27	16	26	27	22	21	27	24	11	23	26	9
MSTRG.496	XIII	336885	337518	-	634	13	12	24	8	32	42	23	42	25	42	46	51	40	50	19	30	49	21	14	28	21	24	55	16
MSTRG.497	XIII	371277	372190	+	914	8	10	8	8	26	16	15	11	20	20	18	25	26	15	7	19	13	14	7	13	9	23	24	8
MSTRG.498	XIII	433201	434565	-	1365	52	13	29	33	96	45	6	38	13	118	79	89	52	56	11	44	53	31	25	106	62	52	78	25
MSTRG.499	XIII	438843	439182	-	340	6	3	7	3	10	3	8	9	12	22	15	9	11	4	9	6	14	6	10	11	15	13	14	1
MSTRG.500	XIII	464984	465610	+	627	12	6	6	9	23	11	5	13	14	18	8	14	12	16	13	11	10	9	8	17	21	8	9	5
MSTRG.501	XIII	480803	481048	+	246	9	16	24	6	22	15	27	11	31	22	42	34	37	16	19	27	14	37	24	21	17	26	26	7
MSTRG.502	XIII	500987	502938	+	1952	67	53	77	63	147	112	99	96	102	157	126	128	149	132	49	140	159	96	53	112	82	115	115	36
MSTRG.503	XIII	512328	513463	+	1136	27	41	43	27	72	34	36	42	38	65	67	53	51	48	53	37	58	46	27	61	30	44	57	12
MSTRG.504	XIII	535954	537575	-	1622	103	69	110	96	168	110	90	129	122	262	182	228	175	154	80	139	185	110	75	162	126	205	242	67
MSTRG.505	XIII	545299	545715	-	417	1	3	9	6	13	6	5	10	5	22	18	25	22	14	0	9	16	4	12	14	13	13	9	4
MSTRG.506	XIII	573439	573891	-	453	17	14	9	19	36	19	19	18	18	29	24	30	23	15	10	18	18	7	19	32	25	25	18	8
MSTRG.507	XIII	592437	592854	+	418	24	16	29	10	31	44	66	49	76	17	5	14	9	45	21	38	48	34	41	6	9	1	5	16
MSTRG.508	XIII	610368	611015	+	648	24	38	65	21	70	38	37	33	69	58	60	38	40	48	43	67	35	53	54	38	38	62	56	25
MSTRG.509	XIII	675014	675430	+	417	15	16	21	17	44	29	28	35	27	38	27	37	17	40	26	30	20	25	29	26	25	20	21	10
MSTRG.510	XIII	675602	675882	-	281	6	10	15	6	18	6	6	11	9	18	16	14	18	7	10	11	9	13	11	9	18	17	37	3
MSTRG.511	XIII	683642	684386	-	745	45	27	54	36	94	36	36	35	36	105	104	79	78	54	36	42	49	26	45	119	86	107	147	19
MSTRG.512	XIII	701267	701550	-	284	11	7	14	9	22	13	9	15	8	17	17	17	21	15	2	20	8	6	9	19	22	21	37	9
MSTRG.513	XIII	731445	732135	+	691	9	5	9	14	38	18	6	14	7	37	15	22	20	13	3	5	22	7	5	22	13	16	19	16
MSTRG.514	XIII	759051	759333	-	283	19	4	8	8	54	28	9	40	4	114	47	86	51	95	2	10	63	15	2	38	33	23	19	18
MSTRG.515	XIII	769284	770496	-	1213	51	32	74	40	126	102	232	134	319	151	111	158	88	109	193	86	111	64	169	103	65	87	123	31
MSTRG.516	XIII	772664	774028	-	1365	56	36	73	37	116	56	39	81	33	194	151	191	113	96	14	104	82	75	26	107	71	85	85	52
MSTRG.517	XIII	801477	801749	-	273	0	0	0	0	2	3	1	4	1	7	5	3	7	1	3	3	2	2	0	2	1	3	5	0
MSTRG.518	XIII	807743	808140	-	398	43	38	74	36	108	71	54	85	56	85	74	82	70	65	48	80	100	53	61.50	91	80	74	98	37
MSTRG.519	XIII	809286	809567	+	282	0	2	2	0	2	4	11	1	8	7	2	4	4	3	6	1	25	20	9	1	3	1	1	0
MSTRG.520	XIII	826477	826711	+	235	106	76	124	60	168	148	107	122	127	303	286	325	318	187	78	188	291	154	74	214	205	244	382	53
MSTRG.521	XIII	831555	831997	-	443	0	3	7	1	3	4	9	6	31	6	12	6	10	7	13	9	2	9	19	2	5	9	7	1
MSTRG.522	XIII	837079	837429	+	351	13	15	11	10	30	25	9	21	11	20	17	29	14	11	13	13	16	12	8	20	8	15	20	5
MSTRG.523	XIII	851770	852191	-	422	1	2	3	1	7	3	4	3	6	7	6	3	2	1	11	8	2	5	10	10	5	6	5	2
MSTRG.524	XIII	861190	861724	-	535	9	7	8	5	18	19	13	15	13	32	22	39	35	22	6	10	25	11	5	18	17	20	20	9
MSTRG.525	XIII	880756	881013	-	258	7	4	3	4	9	2	13	8	19	21	34	22	26	18	8	12	11	7	6	9	17	21	52	2
MSTRG.526	XIII	898025	898326	-	302	7	8	6	3	12	8	9	17	4	10	18	14	6	7	7	13	13	3	8	12	8	19	10	4
MSTRG.527	XIII	906747	907286	-	540	12	8	14	20	19	9	11	21	21	44	27	25	28	18	22	20	21	16	17	22	26	25	33	6
MSTRG.528	XIV	6796	7021	+	226	10	7	9	7	17	17	13	8	20	21	21	23	18	24	7	15	38	13	13	18	13	18	27	9
MSTRG.529	XIV	65446	65716	-	271	2	3	7	5	14	7	8	3	7	5	6	9	5	11	11	12	6	4	3	10	6	5	6	2
MSTRG.530	XIV	104302	104703	+	402	13	10	10	6	32	15	14	12	15	29	20	22	14	29	9	17	13	5	15	22	20	14	15	7
MSTRG.531	XIV	106897	107289	+	393	9	2	8	5	12	5	13	10	11	26	13	16	6	9	13	3	3	3	17	18	21	22	15	4
MSTRG.532	XIV	110612	112868	-	2257	59	21	18	63	165.50	89	48	103	35	224	259	199	224	103	26	28	138	28	23	141	135	214	305	44
MSTRG.533	XIV	205038	206753	-	1716	287	183	293	220	599.50	406	354	426	436	670	571	599	457	566	210	480	546	365	253	491	442	463	615	191
MSTRG.534	XIV	228952	229740	-	789	21	11	16	16	28	28	395	21	380	18	18	20	20	26	269	12	29	13	310	21	10	21	18	8
MSTRG.535	XIV	250417	251773	-	1357	31	35	68	26	90	39	51	42	66	74	61	64	52	54	46	78	42	58	56	57	66	72	89	25
MSTRG.536	XIV	270246	270459	+	214	1	3	8	7	8	2	5	1	4	8	4	9	6	6	5	6	6	3	9	8	9	19	10	6
MSTRG.537	XIV	301359	302301	-	943	21	17	28	16	25	20	13	24	30	27	28	35	17	37	12	42	34	29	12	27	26	43	44	14
MSTRG.538	XIV	303442	303678	-	237	27	36	62	38	64	54	52	59	56	58	96	64	67	43	66	39	57	47	67	54	52	98	108	30
MSTRG.539	XIV	321436	322310	+	875	3	50	68.50	2	9	4	20	1	33	5	1	2	2	8	19	128	4	92	25	2	1	2	1	1
MSTRG.540	XIV	334967	336396	-	1430	106	69	126	69	191	173	126	163	149	270	207	239	188	194	96	185	198	137	137	148	108	168	210	69
MSTRG.541	XIV	355718	356830	+	1113	39	29	63	37	87	59	88	65	140	48	40	63	34	52	80	81	63	57	89	31	20	31	31	26
MSTRG.542	XIV	382921	383144	-	224	7	6	6	5	11	13	9	13	14	13	17	17	13	12	3	11	17	7	5	9	4	9	13	0
MSTRG.543	XIV	405745	408066	-	2322	52	44	63	39	118	62	69	80	92	162	146	123	146	83	68	105	102	73	74	112	72	138	189	40
MSTRG.544	XIV	444878	445321	+	444	144	121	166	118	332	174	390	134	444	109	115	98	94	190	332	211	233	177	396	100	72	139	115	89
MSTRG.545	XIV	446122	447033	+	912	105	86	104	109	206	157	303	137	411	98	102	94	112	175	253	206	248	167	282	82	47	112	101	44
MSTRG.546	XIV	500820	501156	+	337	214	119	185	150	381	346	127	355	146	428	197	458	214	467	102	291	493	198	121	371	224	190	244	170
MSTRG.547	XIV	525141	525828	+	688	30	12	20.50	12	24	29	6	28	11	35	20	47	18	27	5	25	31	16	8	37	12	28	21	12
MSTRG.548	XIV	547519	547737	+	219	26	386	596	31	71	30	372	36	480	10	8	4	12	26	486	576	25	467	504	8	13	19	22	15
MSTRG.549	XIV	570224	570469	-	246	1	0	1	0	1	0	0	0	0	3	4	2	1	6	0	0	1	1	1	3	1	5	11	4
MSTRG.550	XIV	573164	573524	-	361	1	1	1	1	2	1	1	2	2	4	0	1	1	1	0	0	0	1	2	2	2	1	8	0
MSTRG.551	XIV	581696	582062	-	367	57	146	179	77	195	120	276	91	356	8	12	2	12	81	361	262	85	174	372	1	1	0	5	32
MSTRG.552	XIV	587898	588271	+	374	46	41	44	46	107	75	50	59	55	127	86	108	82	73	47	60	91	39	30	122.50	89	101	84	37
MSTRG.553	XIV	597781	600822	+	3042	35	39	62	28	62	31	23	48	42	73	70	68	61	41	37	45	48	45	54	56	55	65	87	25
MSTRG.554	XIV	601650	602266	+	617	0	1	6	0	3	2	6	1	4	6	1	7	2	2	0	6	3	6	2	3	5	3	9	0
MSTRG.555	XIV	609580	611493	-	1914	87	74	107	64	177	124	114	147	160	265	210	262	178	202	70	204	201	137	100	143	104	153	254	66
MSTRG.556	XIV	619750	620035	-	286	1	1	1	1	6	6	2	4	2	7	2	6	4	5	4	6	7	1	2	4	8	6	5	2
MSTRG.557	XIV	623373	623730	-	358	13	5	9	6	28	13	6	23	28	40	19	34	17	44	9	14	28	8	13	23	11	15	20	7
MSTRG.558	XIV	629062	629605	+	544	17	9	17	9	44	23	13	23	14	22	16	29	13	19	4	15	23	12	17	23	17	37	25	12
MSTRG.559	XIV	691628	692065	-	438	5	5	5	2	8	2	3	2	4	7	5	5	5	11	4	9	6	8	10	4	3	5	9	2
MSTRG.560	XIV	715657	716059	-	403	3	6	18	11	15	7	10	8	14	12	16	16	9	18	8	8	11	17	15	22	20	14	15	11
MSTRG.561	XIV	718587	719073	-	487	329	322	330	336	746	567	380	598.50	455	864	620	792	581	641	239	625	720	433	298	642	508	535	679	257
MSTRG.562	XIV;XIV	724491;724517	726027;726027	+;+	1537	107	75	103	106	279	164	90	166	161	260	192	238	164	186	94	172	214	111	84	259	208	185	215	80
MSTRG.563	XIV	727875	728327	+	453	8	10.50	20	10	21	8	23	9	17	14	15	19	13	16	16	18	13	20	21	14	22	11	27	5
MSTRG.564	XIV	735925	736478	+	554	4	5	11	1	14	9	7	10	11	21	17	24	18	8	3	11	14	8	4	10	11	16.50	10	4
MSTRG.565	XIV	741439	742324	-	886	49	43	64	36	83	37	80	46	121	82	61	93	54	86	78	100	67	89	106	83	63	68	124	26
MSTRG.566	XIV	742329	742542	+	214	16	15	22	17	41	16	41	17	47	10	12	14	17	23	43	25	20	26	30	12	13	11	14	4
MSTRG.567	XIV	743793	746611	+	2819	170	133	208	164	417	227	247	226	318	328	300	321	270	232	228	310	320	208	208	265	280	307	399	107
MSTRG.568	XIV	762970	764004	+	1035	15	10	20	16	32	14	3	12	6	47	28	34	15	20	4	11	16	6	9	33	28	33	22	10
MSTRG.569	XIV	764430	770275	+	5846	72	63	112	68	180	97	115	109	150	104	96	110	84	101	97	151	131	123	84.50	108	81	88	100	41
MSTRG.570	XIV	771476	774508	-	3033	396	242	347	392	899	571	338	525.50	422	949	889	875	793	627	251	542	805	389	304	1045	886	903	1234	262
MSTRG.571	XIV	776391	776635	+	245	0	5	2	2	3	1	0	1	2	5	3	7	8	5	0	3	1	2	3	5	1	2	10	0
MSTRG.572	XIV	776935	777223	+	289	4	6	0	4	3	1	4	4	2	4	18	13	12	8	1	4	3	4	1	5	7	11	16	0
MSTRG.573	XIV	779266	779748	+	483	28	160.50	113	29	78	30	14	35	21	66	81	47	63	32	37	37	47	14	57.50	62.50	63	141.50	104	16
MSTRG.574	XV	1898	2644	+	747	6	1	1	6	11	7	8	10	7	27	33	26	44	17	6	2	13	4	3	26	47	34	87	4
MSTRG.575	XV	4232	5302	-	1071	38	33	63	36	101	63	38	78	59	109	106	112	86	76	59	72	69	46	41	124	99	156	152	22
MSTRG.576	XV	8294	9592	-	1299	7	40	55	14	44	21	36	24	55	38	41	45	32	30	21	71	26	42	39	36	24	28	35	15
MSTRG.577	XV	13021	13266	-	246	0	0	0	0	0	0	13	0	16	0	0	0	0	0	16	0	0	0	8	0	0	0	0	0
MSTRG.578	XV	13767	14219	+	453	0	2	0	0	0	0	17	0	18	0	1	1	1	0	17	1	0	0	24	0	1	1	1	0
MSTRG.579	XV	16101	16451	-	351	7	20	39	9	36	14	23	12	45	18	18	27	20	14	32	41	15	21	37	20	17	26	19	5
MSTRG.580	XV	24786	28117	-	3332	45	97	166	34	93	55	65	57	111	120	100	126	96	76	66	186	77	148	85	84	90	120	162	28
MSTRG.581	XV	31359	33992	+	2634	599	1411	2151	616	1488	680	906	717	1485	808	694	847	554	844	1717	2068	728	1740	1715	738	811	997	1395	384
MSTRG.582	XV	35447	40719	-	5273	205	116	177	121	454	331	221	369	331	522	305	567	302	477.50	171	285	439	256	174	311	211	208	332	123
MSTRG.583	XV	42886	43200	+	315	9	4	11	3	11	7	14	11	10	12	17	12	20	7	9	19	13	9	8	8	8	21	40	3
MSTRG.584	XV	71120	72522	-	1403	28	30	44	26	84	44	34	59	46	91	91	86	76	51	39	51	68	42	33	60	66	113	125	22
MSTRG.585	XV	72864	73969	-	1106	17	14	22	14	30	26	20	26	25	52	28	61	37	26	20	34	39	24	27	38	29	35	37	5
MSTRG.586	XV	81539	82850	.	1312	656	723	1038	445	1470	938	707	1111	763	1939	1261	1782	1185	1378	648	1110	1280	814	655	1179	983	988	1054	532
MSTRG.587	XV	83255	83593	-	339	2	5	3	1	1	1	0	3	3	7	5	14	5	2	0	2	6	2	1	6	4	4	15	2
MSTRG.588	XV	96657	97268	+	612	47	85	146	47	139	66	76	65	110	145	114	114	103	67	77	134	93	120	94	135	108	152	150.50	45
MSTRG.589	XV	106446	106679	-	234	2	1	4	1	0	2	3	3	4	4	3	3	4	2	2	3	4	0	2	3	2	5	4	0
MSTRG.590	XV	167525	168419	-	895	7	3	17	9	24	9	11	9	18	11	15	15	12	6	15	24	10	17	17	9	7	11	11	1
MSTRG.591	XV	216643	217082	-	440	13	12	14	12	39	13	4	18	7	59	26	32	24	17	4	9	13	8	23	28	33	32	36	11
MSTRG.592	XV	241574	242685	+	1112	24	19	33	28	101	52	21	48	22	158	79	155	90	40	23	32	60	27	24	167	79	79	123	24
MSTRG.593	XV	254037	254289	-	253	0	2	4	1	2	3	12	0	8	6	1	2	3	2	10	2	3	1	9	3	4	3	5	0
MSTRG.594	XV	281703	282071	+	369	1	5	13	2	7	10	5	2	4	17	8	14	12	9	2	9	4	3	3	3	3	7	7	4
MSTRG.595	XV	292237	292501	-	265	3	3	6	3	10	8	6	9	2	22	22	13	17	12.50	3	9	12	16	3	8	11	13	22	9
MSTRG.596	XV	348674	349093	+	420	9	4	5	4	29	14	3	11	11	12	6	11	8	15	7	6	17	0	4	20	10	7	8	6
MSTRG.597	XV	363832	364187	-	356	4	4	9	2	10	4	2	3	1	12	9	6	5	5	5	4	4	2	4	8	5	12	4	6
MSTRG.598	XV	371039	371389	-	351	23	24	41	19	56	52	31	42	47	102	87	117	74	50	17	56	65	33	34	52	37	66	68	21
MSTRG.599	XV	385261	386479	+	1219	22	32	56	25	63	44	56	38	72	89	81	107	74	48	55	75	58	68	51	70	34	51	95	14
MSTRG.600	XV	389079	389645	+	567	276	213	333	234	674	341	189	352	246	577	368	578	380	388	204	304	438	214	234	526	425	425	540	183
MSTRG.601	XV	422691	424733	+	2043	178	179	285	234	556	296	281	287	355	459	420	457	400	337	243	395	412	296	273	415	460	470	547.50	138
MSTRG.602	XV	426281	426573	+	293	1	0	0	0	6	2	4	6	0	11	12	12	17	6	0	10	6	4	0	4	2	5	3	0
MSTRG.603	XV	437332	437610	+	279	2	3	1	5	10	4	2	4	1	10	7	6	5	5	1	1	6	0	0	7	10	8	9	3
MSTRG.604	XV	443834	444310	-	477	9	5	15	3	9	7	5	2	7	14	15	18	12	5	5	5	7	12	5	15	8	18	23	1
MSTRG.605	XV	458157	459453	+	1297	12	8	26	17	35	14	21	12	28	29	33	22	25	19	16	22	23	14	29	23	43	45	65	6
MSTRG.606	XV	462263	462500	-	238	1	0	1	0	7	0	0	3	1	6	0	3	1	0	2	2	5	1	0	5	7	2	4	3
MSTRG.607	XV	504438	505504	+	1067	14	23	29	17	45	28	82	35	89	42	45	50	33	43	55	48	41	32	38	23	31	30	50	12
MSTRG.608	XV	546438	546849	-	412	4	12	13	6	8	7	6	8	13	17	12	17	16	6	8	7	15	12	10	8	4	10	25	7
MSTRG.609	XV	550380	550687	-	308	5	4	9	5	23	11	4	13	9	26	24	22	16	16	7	8	14	10	9	18	8	17	20	5
MSTRG.610	XV	571106	571957	+	852	27	145	243	36	83	39	86	58	89	74	76	58	56	35	61	309	71	218	54	92	53	53	59	29
MSTRG.611	XV	586584	586911	+	328	36	30	38	40	77	52	48	42	55	108	122	108	74	57	38	92	66	65	43	79	68	82	114	23
MSTRG.612	XV	670653	670957	-	305	5	5	6	3	19	9	6	8	8	7	6	5	12	9	5	19	12	11	21	13	9	11	13	4
MSTRG.613	XV	672608	674501	+	1894	90	26	48	58	164	78	43	122	48	246	150	211	150	174	27	56	137	50	35	127	95	129	205	57
MSTRG.614	XV	682376	682849	+	474	4	21	40	15	17	18	36	18	46	25	33	25	27	17	16	55	30	36	23	17	15	14	14	3
MSTRG.615	XV	690032	692308	-	2277	142	101	171	85	244	161	146	171	194	275	241	252	240	269	104	248	277	190	120	192	120	206	237	87
MSTRG.616	XV	701008	702561	-	1554	61	40	76	51	164	70	71	87	90	137	120	82	86	115	78	83	88	60	81	114	112	95	162	44
MSTRG.617	XV	725188	725433	+	246	6	4	5	8	7	56	28	49	26	66	27	61	47	57	3	33	33	31	2	2	4	5	9	2
MSTRG.618	XV	762320	762593	-	274	11	1	2	11	19	10	3	8	3	30	11	20	9	18	1	5	21	3	1	14	9	8	3	6
MSTRG.619	XV	844716	844934	+	219	8	5	2	0	5	6	1	2	5	6	8	12	5	3	1	4	4	1	0	11	3	3	1	0
MSTRG.620	XV	860909	861162	-	254	5	4	9	1	13	15	3	13	7	24	29	36	33	24	1	13	21	4	6	19	11	23	24	2
MSTRG.621	XV	877857	878195	-	339	2	7	15	3	7	8	15	1	25	18	19	7	7	7	12	27	3	26	17	10	3	8	11	1
MSTRG.622	XV	905823	906146	+	324	5	16	29	10	7	13	16	11	17	13	14	16	16	11	10	75	22	40.50	9	16	10	7	13	5
MSTRG.623	XV	908380	909161	-	782	15	4	4	15	42	13	4	11	3	30	13	24	14	12	4	7	14	5	3	39	62	22	20	9
MSTRG.624	XV	911472	912476	.	1005	421	426	596	322	837.50	719	452	744	602	1276.50	1074.50	1223.50	1035	894	330	936	971	741	355	864	699	821	1041	297
MSTRG.625	XV	958317	959198	+	882	7	27	44	11	26	17	26	16	41	24	25	20.50	19	15	31	44	13	37	29	14	10	23	23	6
MSTRG.626	XV	969517	970102	-	586	34	7	5	59	161	94	63	118	76	264	254	255	232	54	32	10	73	12	53	193	154	239	219	32
MSTRG.627	XV	978619	979936	+	1318	34	30	51	25	64.50	34	29	35	42	76.50	34.50	67	42	57	26	53	53	45.50	35	43	45	54	46	22
MSTRG.628	XV	980883	981456	-	574	13	22	32	7	32	10	13	14	19	13	12	20	6	13	11	25	13	16	9	15	12	24	18	7
MSTRG.629	XV	995022	995453	+	432	25	15	27	10	40	29	40	31	28	63	63	58	56	47	16	44	46	43	22	47	31	47	66	16
MSTRG.630	XV;XV	1003615;1003615	1004566;1004566	-;-	952	12	19	12	11	26	25	25	18	32	22	23	28	20	25	18	19	19	19	24	27	14	22	15	8
MSTRG.631	XV	1019007	1020011	+	1005	14	14	34	15	40	14	18	19	33	36	51	36	39	27	27	38	27	19	24	44	20	40	47	12
MSTRG.632	XV	1024807	1025225	+	419	11	15	25	17	39	24	13	28	29	38	35	35	32	13	16	34	29	17	24	43	46	64	91	7
MSTRG.633	XV	1044415	1045163	-	749	19	3	4	12	36	13	8	15	3	23	10	26	12	18	4	11	17	2	2	35	32	10	24	15
MSTRG.634	XV	1070250	1070916	-	667	10	4	2	10	13	7	4	12	2	26	12	25	8	14	3	3	10	7	2	24	30	12	14	2
MSTRG.635	XV	1073266	1073834	+	569	5	9	11	3	7	1	11	4	19	15	23	34	29	9	15	20	8	10	11	13	12	14	36	2
MSTRG.636	XVI	2362	7171	+	4810	14	14.50	27	5	44	9	19	11	19	17	14	11	17	13	15	10	23	9	39	17	20	33	46	5
MSTRG.637	XVI	19705	22738	-	3034	190	77	153	153	451	262	167	298	214	520	406	473	357	345	129	263	346	207	148	389	367	359	597	101
MSTRG.638	XVI	29497	29841	-	345	15	12	12	11	42	18	15	19	33	35	38	38	25	21	10	29	25	12	13	24	24	28	37	10
MSTRG.639	XVI	46581	47179	-	599	16	4	22	4	20	16	13	11	11	21	32	19	23	12	16	18	20	14	17	19	18	26	31	8
MSTRG.640	XVI	52942	53425	+	484	6	13	11	7	20	14	10	18	7	22	16	18	10.50	20	5	18	13	10	8	15	15	13	16	10
MSTRG.641	XVI	114894	115218	+	325	4	5	7	2	10	8	5	7	5	37	17	27	11	9	1	8	7	9	11	27	14	24	20	6
MSTRG.642	XVI	128255	128507	+	253	11	6	7	6	19	9	9	13	15	18	7	26	20	10	4	13	18	4	4	14	12	9	17	7
MSTRG.643	XVI	129455	129744	+	290	10	12	11	11	33	19	11	6	20	29	30	26	22	15	12	18	13	8	9	34	26	33	52	7
MSTRG.644	XVI	132293	132719	-	427	9	9	21	10	57	35	18	28	17	44	23	34	28	28	8	20	38	24	10	27	19	24	19	19
MSTRG.645	XVI	143390	143726	+	337	7	6	23	13	19	10	10	8	11	38	33	23	21	16	8	20	20	17	12	22	22	33	48	8
MSTRG.646	XVI	197969	198900	-	932	786	306	461	599	1379	951	501	880	652	1578	1246	1540	1222	1233	446	669	1339	420	510	1386	1185	1285	1688	532
MSTRG.647	XVI	214041	215917	+	1877	15	14	25	28	66	34	20	42	36	96	68	85	52	62	15	44	56	30	14	77	44	52	53	18
MSTRG.648	XVI	227717	228137	-	421	5	5	7	2	4	7	4	4	11	7	14	9	11	10	9	11	6	8	10	9	3	14	8	0
MSTRG.649	XVI	238842	239151	+	310	61	71	96	39	125	97	139	96	215	135	138	141	98	97	120	187	129	137	111	110	79	99	119	34
MSTRG.650	XVI	243091	244275	+	1185	14	109	144	21	56	38	206	22	467	38	37	32	35.50	44	354	179	52	138	383	25	14	38	50	17
MSTRG.651	XVI	286567	287456	+	890	0	4	11	2	6	4	26	5	35	2	2	1	4	4	26	12	2	15	27	3	2	3	1	0
MSTRG.652	XVI	296930	297313	-	384	17	13	25	16	42	31	26	42	34	81	106	75	96	39	26	61	38	44	25	51	43	77	110	9
MSTRG.653	XVI	324260	324684	+	425	19	12	13	11	31	21	15	28	16	59	25	52	38	30	8	13	30	15	11	31	34	39	56	14
MSTRG.654	XVI	339011	339358	-	348	2	6	4	4	9	2	3	2	6	0	3	4	1	2	3	8	4	4	4	5	3	3	4	3
MSTRG.655	XVI	347662	349074	-	1413	10	23	25	9	20	24	25	19	46	29	50	38	38	27	22	37	25	27	14	36	29	51	48	16
MSTRG.656	XVI	368727	369556	+	830	28	22	33	23	80	44	41	68	45	82	62	87	67	78	38	52	94	46	36	49	33	54	67	32
MSTRG.657	XVI	443172	444336	-	1165	28	53	70	23	57	52	89	60	152	69	63	65	79	58	82	107	75	82	85	57	36	73	88	25
MSTRG.658	XVI	445161	445604	-	444	73	67	86	85	206	153	108	142	171	272	216	246	203	195	70	200	195	151	70	149	141	110	96	55
MSTRG.659	XVI	466262	466668	+	407	193	205.50	272	164	398	297	302	300	300	317	315	328	244	278	209	338	331	258	210	287	214	262	346	132
MSTRG.660	XVI	482339	482857	-	519	25	32	44	23	33	18	45	30	60	46	98	67	65	33	31	69	39	66	31	34	32	78	77	18
MSTRG.661	XVI	510289	510593	+	305	9	5	4	8	9	10	3	10	9	19	21	12	14	8	5	8	6	8	7	10	6	17	16	1
MSTRG.662	XVI	544049	544386	+	338	9	13	17	8	29	22	15	16	16	25	28	26	26	18	15	29	28	16	31	20	23	37	27	16
MSTRG.663	XVI	567220	569122	+	1903	40	51	99	29	85	64	149	83	184	114	100	125	89	133	113	174	130	124	109	45	61	75	117	26
MSTRG.664	XVI	575533	576499	-	967	12	13	9	13	35	24	12	24	16	101	65	87	67	51	6	19	54	24	13	39	42	70	101	7
MSTRG.665	XVI	581399	581963	-	565	125	1	96	0	184	2	117	158	4	7	2	2	1	0	1	5	4	2	76	2	2	2	3	2
MSTRG.666	XVI	586348	589880	+	3533	87	72	153	75	200	106	102	96	128	160	183	141	146	114	126	165	130	143	106	141	127	175	223	44
MSTRG.667	XVI	593414	594081	+	668	17	26.50	40	8	40	21	17	30	27	37	42	45	44	33	18	40	34	30	21	37	23	43	78	11
MSTRG.668	XVI	619598	619972	-	375	6	8	17	5	10	14	8	8	15	8	12	18	10	8	10	19	9	16	14	10	12	12	12	3
MSTRG.669	XVI	620029	622006	+	1978	185	110.50	139	155	433	265	183	242	255	251	188	242	179	241	205	173	286	142	209	251	174	198	263	122
MSTRG.670	XVI	627427	627724	-	298	3	2	0	0	0	5	2	2	3	8	3	4	6	2	0	4	4	0	1	3	4	9	11	0
MSTRG.671	XVI	641680	642116	-	437	0	9	8	2	0	1	0	1	4	0	2	2	3	1	0	13	2	3	3	3	1	3	0	0
MSTRG.672	XVI	678531	678791	+	261	6	2	3	0	9	3	5	1	3	22	14	18	15	6	4	5	11	11	3	8	14	8	9	1
MSTRG.673	XVI	678652	679629	-	978	26	34	51	12	51	22	119	33	148	50	66	36	62	35	100	66	45	56	96	50	24	38	59	8
MSTRG.674	XVI	681109	682090	-	982	40	27	40	23	66	33	32	31	28	47	42	42	25	46	34	43	46	35	42	32	25	34	25	29
MSTRG.675	XVI	683927	684391	+	465	15	15	25	16	21	20	38	24	61	29	30	13	23	19	30	21	27	20	32	14	10	22	18	11
MSTRG.676	XVI	697052	698544	+	1493	40	214	359	29	77	49	257	55	332	156	290	184	240	70	237	337	52	289	287	158	131	311	373	27
MSTRG.677	XVI	780370	781741	-	1372	272	335	457	339	657	380	925	314	1136	152	133	139	140	284	1040	614	364	405	1244	135.50	129	111	112	158
MSTRG.678	XVI	812480	812742	-	263	16	7	13	18	39	8	10	11	20	51	40	38	26	24	12	28	31	20	14	43	53	35	57	15
MSTRG.679	XVI	828262	829611	-	1350	26	17	51	24	63	46	44	41	46	68	73	54	54	51	45	59	46	44	47	67	72	77	119	16
MSTRG.680	XVI	833824	834251	-	428	15	20	9	14	55	13	28	28	18	44	30	43	30	31	13	38	30	32	8	14	7	5	17	11
MSTRG.681	XVI	840158	840647	+	490	15	11	15	8	35	13	12	16	6	36	26	31	26	21	10	13	22	21	9	21	20	20	38	9
MSTRG.682	XVI	920840	922882	-	2043	56	76	124	55	141	77	72	83	108	137	192	117	166	72	123	109	63	120	141	149	183	314	429	49
MSTRG.683	XVI	926964	931331	-	4368	75	74	82	69	202	127	82	109	105	260	215	226	197	111	68	130	152	94	87	290.50	185	241	237	52
MSTRG.684	XVI	935806	938057	-	2252	85	72	82	85	209	133	95	107	124	211	148	184	121	139	80	156	167	116	81	164	125	145	142	63
